4299
L
2.845
28.00
Kin6.5
He3
0.66068
0.0008
3
2
1
3
LEFT
L_Kin6.5.dat
cryo_L_kin6.5.root
3923 3924 3925 3926 3927 3928 3929 3930 3931 3932 3933 3934 3935 3936 3939 3940 3941 3942 3943 3944 3945 3946 3947 3948 3983 3984 3985 3986 3987 3988 3989 3990 3991 3993 3994 3995 3996 3997 3998 4000 4001 4003 4004 4005 4006 4007 4008 4009 4010 4011 4012 4026 4027 4028 4029 4030 4031 4032 4033 4034 4035 4036 4037 4038 4046 4048 4049 4050 4051 4052 4053 4054 4055 4056 4057 4058 4059 4060 4061 4251 4252 4253 4254 4255 4256 4257 4261 4262 4263 4264 4265 4266 4275 4276 4295 4296 4297 4298
10.0
0
1
