4102 1 0 0
4103 1 0 0
4247 1 1 0
4248 1 1 0
4249 1 1 0
4250 1 1 0
4095 1 0 0
4096 1 0 0
4097 1 0 0
4098 1 0 0
4099 1 0 2
4245 1 1 0
4246 1 1 0
3664 1 1 1
3665 1 1 0
3666 1 1 0
3667 1 1 0
3668 1 1 0
3669 1 1 0
3670 1 1 0
3681 1 1 0
3682 1 1 0
3683 1 1 0
3673 1 1 2
3674 1 1 0
3675 1 1 2
3676 1 1 0
3677 1 1 0
3679 1 1 6
4079 1 0 6
4100 1 0 0
4101 1 0 0
3905 0 1 0
3906 0 1 0
4076 1 0 0
3892 1 0 0
3893 1 0 0
3894 1 0 0
3896 0 1 0
3897 0 1 0
3898 0 1 0
3899 0 1 0
3900 0 1 2
3901 0 1 0
3902 0 1 0
3903 0 1 0
3904 0 1 0
4073 1 0 8
4074 1 0 0
4075 1 0 0
3657 0 1 0
3658 1 1 0
3660 1 1 2
3661 1 1 0
3662 1 1 0
3663 1 1 0
3907 0 1 0
3908 0 1 0
3913 0 1 2
3914 0 1 0
3915 0 1 0
3916 0 1 0
3909 0 1 8
3910 0 1 2
3911 0 1 0
3912 0 1 0
4151 1 1 7
4163 1 1 0
4164 1 1 0
4165 1 1 0
4166 1 1 0
4167 1 1 0
4168 1 1 0
4169 1 1 0
4170 1 1 0
4171 1 1 0
4172 1 1 0
4173 1 1 0
4178 1 1 0
4179 1 1 0
4175 1 1 0
4176 1 1 0
4177 1 1 0
4153 1 1 0
4154 1 1 0
4155 1 1 0
4156 1 1 0
4157 1 1 0
4158 1 1 0
4159 1 1 0
4160 1 1 0
4161 1 1 0
4162 1 1 0
4152 1 1 6
3692 1 1 0
4121 1 1 0
4122 1 1 0
4123 1 1 0
4124 1 1 0
4126 1 1 0
4127 1 1 0
3693 1 1 0
3694 1 0 0 
3695 1 0 0
3696 1 0 0
3697 1 0 0
3698 1 0 0
3699 1 0 0 
3700 1 0 0
3701 1 0 0
3702 1 0 0
3703 1 0 0
3704 1 0 0
3705 1 0 0
3706 1 0 0
3707 1 1 0
3708 1 1 0 
4128 1 1 1
4129 1 0 0
4130 1 1 0
4131 1 1 0
4119 1 1 0
4120 1 1 0
4112 1 1 0
4113 1 1 0
4114 1 1 0
4115 1 1 0
4116 1 1 0
4132 1 1 0
3689 1 1 2
3690 1 1 0
3691 1 1 0
4209 1 0 0
4210 1 0 0
4211 1 0 0
4212 1 0 0
4213 1 0 0
4215 1 0 0
4216 1 0 0
4190 1 1 0
4191 1 1 0
4192 1 1 0
4181 1 0 0
4184 1 1 0
4187 1 1 0
4188 1 1 0
4189 1 1 0
3650 1 1 0
3651 1 1 0
3822 1 1 2
3823 1 1 0
3824 1 1 0
3825 1 1 0
3837 1 1 3
3838 1 1 0
3839 1 1 0
3840 1 1 0
3841 1 1 0
3842 1 1 0
3843 1 1 0
3844 1 1 0
3829 1 1 0
3830 1 1 0
3831 1 1 0
3832 1 1 0
3833 1 1 0
3834 1 1 0
3835 1 1 0
3826 1 1 0
3827 1 1 0
3828 1 1 0
3642 1 0 0
3643 1 1 0
3644 1 1 0
3645 1 1 0
3646 1 1 0
3648 1 1 0
3808 1 0 0
3809 1 0 0
3810 1 1 0
3811 1 1 0
3812 1 1 0
3813 1 1 0
3814 1 1 0
3815 1 1 0
3816 1 0 0
3817 1 0 0
3818 1 1 0
3819 1 1 0
3820 1 1 0
3821 1 1 0
3652 1 1 0
3653 1 1 0
3654 1 1 0
3655 1 1 0
3656 1 1 2
3581 1 1 8
3585 1 1 0
3590 1 1 0
3591 1 1 0
3592 1 1 0
3759 1 1 0
3760 1 1 0
3795 1 1 0
3796 1 1 0
3797 1 1 0
3798 1 1 0
3799 1 1 0
3761 1 1 0
3765 1 1 0
3800 1 1 0
3801 1 1 0
3802 0 1 0
3803 0 1 0
3804 1 1 0
3805 1 1 0
4229 1 1 0
4230 1 1 0
4241 1 1 0
3565 1 1 0
3566 1 1 0
3567 1 1 0
3568 1 1 0
3569 1 1 0
3570 1 1 0
3571 1 1 0
3572 1 1 0
3573 1 1 0
3574 1 1 0
3575 1 1 9
3576 1 1 0
3577 1 1 0 
3578 1 1 0
3579 1 1 3
3583 1 1 0
3584 1 1 1
3735 1 1 0
3736 1 1 0
3737 1 1 0
3738 1 1 3
3739 1 1 3
3740 1 1 0
3741 1 1 0
3742 1 1 0
3743 1 1 0
3744 1 1 0
3745 1 1 0
3746 1 1 0
3747 1 1 0
3748 1 1 0
3749 1 1 3
3750 1 1 3
3751 1 1 0
3752 1 1 0
3753 1 1 0
3754 1 1 0
3755 1 1 0
3756 1 1 0
3757 1 1 0
3758 1 1 0
3766 1 1 0
3767 1 1 0
3768 1 1 0
3769 1 1 0
3770 1 1 0
3771 1 1 0
3772 1 1 0
3773 1 1 0
3774 1 1 0
3775 1 1 0
3776 1 1 0
3778 1 1 0
3779 1 1 0
3807 1 1 0
4217 1 1 0
4218 1 1 0
4219 1 1 0
4220 1 1 0
4221 1 1 0
4222 1 1 0
4223 1 1 0
4224 1 1 0
4225 1 1 0
4226 1 1 0
4227 1 1 0
4228 1 1 0
4232 1 1 0
4233 1 1 0
4234 1 1 2
4235 1 1 0
4236 1 1 3
4237 1 1 3
4238 1 1 0
4239 1 1 0
4240 1 1 0
3917 1 1 7
4077 0 1 7
4078 0 1 7
4272 1 1 7 
3949 1 1 0
3950 1 1 0
4013 1 1 0
4014 1 1 0
4015 1 1 0
4016 1 1 0
4017 1 1 0
4062 1 1 0
4063 1 1 0
4064 1 1 0
4065 1 1 0
4068 1 1 0
4091 0 1 0
4092 0 1 0
4093 0 1 0
4094 0 1 0
4267 1 1 0
4268 1 1 0
4269 1 1 0
3951 1 1 0
3952 1 1 0
3953 1 1 0
3954 1 1 0
3955 1 1 0
3956 1 1 0
4018 1 1 0
4019 1 1 0
4020 1 1 0
4021 1 1 0
4022 1 1 0
4023 1 1 0
4024 1 1 0
4069 1 1 0
4070 1 1 0
4071 1 1 0
4076 0 1 0
4270 1 1 0
4271 1 1 0
3919 1 0 0
3920 1 0 0
3923 1 1 0
3924 1 1 0
3925 1 1 0
3926 1 1 0
3927 1 1 0
3928 1 1 0
3929 1 1 0
3930 1 1 0
3931 1 1 0
3932 1 1 0
3933 1 1 0
3934 1 1 0
3935 1 1 0
3936 1 1 0
3938 1 1 0
3939 1 1 0
3940 1 1 0
3941 1 1 0
3942 1 1 0
3943 1 1 0
3944 1 1 0
3945 1 1 0
3946 1 1 0
3947 1 1 0
3948 1 1 0
3978 1 1 3
3979 1 1 3
3980 1 1 3
3981 1 1 3
3982 1 1 3
3983 1 1 3
3984 1 1 3
3985 1 1 3
3986 1 1 3
3987 1 1 0
3988 1 1 0
3989 1 1 0
3990 1 1 0
3991 1 1 2
3992 1 1 2
3993 1 1 0
3994 1 1 0
3995 1 1 0
3996 1 1 2
3997 1 1 0
3998 1 1 0
4000 1 1 0
4001 1 1 0
4002 1 1 0
4003 1 1 0
4004 1 1 0
4005 1 1 0
4006 1 1 0
4007 1 1 0
4008 1 1 0
4009 1 1 0
4010 1 1 0
4011 1 1 0
4012 1 1 0
4026 1 1 0
4027 1 1 0
4028 1 1 0
4029 1 1 0
4030 1 1 0
4031 1 1 0
4032 1 1 0
4033 1 1 0
4034 1 1 0
4035 1 1 0
4036 1 1 0
4037 1 1 0
4038 1 1 1
4046 1 1 0
4048 1 1 0
4049 1 1 0
4050 1 1 0
4051 1 1 0
4052 1 1 0
4053 1 1 0
4054 1 1 0
4055 1 1 3
4056 1 1 3
4057 1 1 0
4058 1 1 0
4059 1 1 0
4060 1 1 0
4061 1 1 0
4074 0 1 0
4075 0 1 0
4081 0 1 0
4082 0 1 0
4083 0 1 0
4084 0 1 0
4085 0 1 0
4086 0 1 0
4087 0 1 0
4088 0 1 0
4089 0 1 0
4090 0 1 0
4251 1 1 2
4252 1 1 0
4253 1 1 0
4254 1 1 0
4255 1 1 0
4256 1 1 0
4257 1 1 3
4261 1 1 0
4262 1 1 0
4263 1 1 0
4264 1 1 0
4265 1 1 0
4266 1 1 0
4275 1 1 0
4276 1 1 0
4295 1 1 0
4296 1 1 0
4297 1 1 0
4298 1 1 0
4299 1 1 0
4079 0 1 6
3624 1 1 0
3625 1 1 0
3626 1 1 0
3627 1 1 0
3628 1 1 0
3629 1 1 0
3630 1 1 0
3632 1 1 0
3633 1 1 0
3634 1 1 0
3862 1 1 0
3863 1 1 0
3864 1 1 0
3865 1 1 0
3867 1 1 0
3868 1 1 0
3869 1 1 0
3870 1 1 0
3871 1 1 0
3875 1 1 0
3876 1 1 0
3877 1 1 0
3878 1 1 0
3880 1 1 0
3881 1 1 0
3882 1 1 0
3888 1 1 0
3883 1 1 0
3884 1 1 0
3885 1 1 0
3886 1 1 0
3887 1 1 0
3874 1 1 0
3872 1 1 0
3873 1 1 0
3635 1 1 4
3636 1 1 4
3637 1 1 0
3638 1 1 0
3639 1 1 0
3846 1 1 0
3848 1 1 0
3849 1 1 0
3852 1 1 0
3853 1 1 0
3854 1 1 0
3855 1 1 0
3856 1 1 0
3857 1 1 0
3859 1 1 0
3860 1 1 0
3861 1 1 0
3607 1 1 0
3608 1 1 0
3609 1 1 0
3611 1 1 0
3612 1 1 0
3613 1 1 0
3614 1 1 0
3616 1 1 0 
3617 1 1 0
3618 1 1 0
3619 1 1 0
3621 1 1 0
3622 1 1 0
