     x           Q2           F2D            stat      sys
   0.0080        0.800        0.2698        0.0026     0.0075 
   0.0080        1.120        0.2890        0.0044     0.0064 
   0.0080        3.460        0.3755        0.0086     0.0124 
   0.0125        0.900        0.2769        0.0054     0.0080 
   0.0125        1.230        0.3015        0.0027     0.0068 
   0.0125        1.670        0.3230        0.0044     0.0060 
   0.0125        2.730        0.3597        0.0143     0.0071 
   0.0125        3.250        0.3583        0.0140     0.0078 
   0.0125        4.520        0.3829        0.0060     0.0122 
   0.0125        5.380        0.4169        0.0078     0.0148 
   0.0175        1.270        0.3082        0.0041     0.0070 
   0.0175        1.730        0.3411        0.0037     0.0061 
   0.0175        2.280        0.3436        0.0045     0.0055 
   0.0175        3.620        0.3737        0.0104     0.0076 
   0.0175        4.330        0.3945        0.0122     0.0100 
   0.0175        5.600        0.3974        0.0076     0.0113 
   0.0175        6.730        0.4130        0.0052     0.0131 
   0.0250        1.270        0.3063        0.0050     0.0075 
   0.0250        1.760        0.3325        0.0034     0.0056 
   0.0250        2.410        0.3513        0.0027     0.0048 
   0.0250        3.340        0.3650        0.0052     0.0060 
   0.0250        4.540        0.3871        0.0090     0.0075 
   0.0250        5.450        0.3906        0.0085     0.0090 
   0.0250        7.090        0.4011        0.0046     0.0095 
   0.0250        8.880        0.4294        0.0046     0.0122 
   0.0250       10.790        0.4460        0.0081     0.0149 
   0.0350        1.300        0.3141        0.0078     0.0085 
   0.0350        1.760        0.3254        0.0050     0.0056 
   0.0350        2.450        0.3537        0.0033     0.0042 
   0.0350        3.410        0.3696        0.0043     0.0044 
   0.0350        4.390        0.3704        0.0069     0.0065 
   0.0350        5.450        0.3764        0.0097     0.0059 
   0.0350        6.950        0.3925        0.0074     0.0077 
   0.0350        8.990        0.3967        0.0056     0.0081 
   0.0350       11.440        0.4163        0.0045     0.0111 
   0.0350       14.100        0.4303        0.0074     0.0144 
   0.0500        1.330        0.3305        0.0091     0.0108 
   0.0500        1.760        0.3266        0.0051     0.0067 
   0.0500        2.480        0.3421        0.0030     0.0043 
   0.0500        3.440        0.3636        0.0034     0.0036 
   0.0500        4.440        0.3638        0.0046     0.0040 
   0.0500        5.430        0.3759        0.0062     0.0043 
   0.0500        6.870        0.3819        0.0061     0.0050 
   0.0500        9.050        0.3817        0.0054     0.0056 
   0.0500       11.480        0.3959        0.0039     0.0072 
   0.0500       14.870        0.4029        0.0037     0.0099 
   0.0500       18.900        0.4158        0.0053     0.0134 
   0.0700        1.350        0.3215        0.0134     0.0143 
   0.0700        1.770        0.3297        0.0074     0.0092 
   0.0700        2.490        0.3411        0.0042     0.0056 
   0.0700        3.460        0.3602        0.0042     0.0042 
   0.0700        4.450        0.3555        0.0049     0.0038 
   0.0700        5.440        0.3649        0.0066     0.0040 
   0.0700        6.860        0.3706        0.0070     0.0040 
   0.0700        8.910        0.3655        0.0081     0.0045 
   0.0700       11.500        0.3808        0.0055     0.0048 
   0.0700       14.900        0.3866        0.0043     0.0064 
   0.0700       19.640        0.3826        0.0041     0.0089 
   0.0700       25.560        0.4119        0.0087     0.0137 
   0.0900        1.380        0.3322        0.0198     0.0187 
   0.0900        1.760        0.3282        0.0097     0.0122 
   0.0900        2.480        0.3445        0.0055     0.0073 
   0.0900        3.470        0.3423        0.0049     0.0048 
   0.0900        4.450        0.3584        0.0057     0.0045 
   0.0900        5.460        0.3645        0.0071     0.0044 
   0.0900        6.800        0.3610        0.0067     0.0045 
   0.0900        8.880        0.3733        0.0092     0.0048 
   0.0900       11.550        0.3618        0.0068     0.0041 
   0.0900       14.910        0.3665        0.0053     0.0044 
   0.0900       19.790        0.3665        0.0044     0.0062 
   0.0900       26.060        0.3777        0.0056     0.0092 
   0.1100        1.780        0.3274        0.0119     0.0149 
   0.1100        2.500        0.3363        0.0066     0.0089 
   0.1100        3.470        0.3444        0.0060     0.0057 
   0.1100        4.460        0.3422        0.0063     0.0047 
   0.1100        5.470        0.3413        0.0074     0.0045 
   0.1100        6.800        0.3445        0.0069     0.0046 
   0.1100        8.930        0.3386        0.0093     0.0049 
   0.1100       11.460        0.3442        0.0076     0.0044 
   0.1100       14.910        0.3578        0.0064     0.0046 
   0.1100       19.800        0.3558        0.0050     0.0047 
   0.1100       26.360        0.3525        0.0054     0.0066 
   0.1100       34.470        0.3801        0.0108     0.0098 
   0.1400        1.860        0.3536        0.0201     0.0185 
   0.1400        2.480        0.3345        0.0061     0.0113 
   0.1400        3.480        0.3337        0.0051     0.0070 
   0.1400        4.460        0.3236        0.0050     0.0051 
   0.1400        5.470        0.3301        0.0059     0.0046 
   0.1400        6.830        0.3245        0.0051     0.0044 
   0.1400        8.930        0.3368        0.0081     0.0050 
   0.1400       11.370        0.3224        0.0065     0.0046 
   0.1400       14.940        0.3269        0.0051     0.0049 
   0.1400       19.770        0.3236        0.0038     0.0050 
   0.1400       26.540        0.3247        0.0039     0.0055 
   0.1400       35.200        0.3335        0.0065     0.0068 
   0.1800        2.670        0.3313        0.0092     0.0117 
   0.1800        3.480        0.3099        0.0061     0.0079 
   0.1800        4.470        0.3143        0.0061     0.0060 
   0.1800        5.470        0.3030        0.0064     0.0047 
   0.1800        6.860        0.3057        0.0056     0.0042 
   0.1800        8.880        0.2991        0.0083     0.0040 
   0.1800       11.310        0.3016        0.0077     0.0045 
   0.1800       14.970        0.3020        0.0060     0.0045 
   0.1800       19.840        0.2933        0.0043     0.0049 
   0.1800       26.650        0.2957        0.0042     0.0056 
   0.1800       35.130        0.2950        0.0052     0.0065 
   0.1800       45.710        0.3133        0.0096     0.0079 
   0.2250        2.900        0.2961        0.0263     0.0096 
   0.2250        3.510        0.2950        0.0071     0.0075 
   0.2250        4.490        0.2824        0.0061     0.0057 
   0.2250        5.460        0.2868        0.0066     0.0048 
   0.2250        6.870        0.2807        0.0056     0.0039 
   0.2250        8.850        0.2785        0.0074     0.0035 
   0.2250       11.350        0.2837        0.0076     0.0037 
   0.2250       15.020        0.2564        0.0056     0.0032 
   0.2250       19.860        0.2641        0.0041     0.0039 
   0.2250       26.710        0.2631        0.0040     0.0047 
   0.2250       35.280        0.2547        0.0045     0.0057 
   0.2250       46.550        0.2554        0.0073     0.0069 
   0.2750        3.750        0.2679        0.0117     0.0074 
   0.2750        4.470        0.2695        0.0079     0.0058 
   0.2750        5.470        0.2602        0.0074     0.0045 
   0.2750        6.890        0.2489        0.0059     0.0034 
   0.2750        8.810        0.2470        0.0083     0.0028 
   0.2750       11.420        0.2370        0.0078     0.0028 
   0.2750       14.860        0.2400        0.0076     0.0030 
   0.2750       19.860        0.2301        0.0044     0.0027 
   0.2750       26.720        0.2239        0.0040     0.0032 
   0.2750       35.340        0.2268        0.0046     0.0044 
   0.2750       46.960        0.2299        0.0069     0.0059 
   0.2750       59.800        0.1675        0.0179     0.0056 
   0.3500        4.610        0.2127        0.0081     0.0095 
   0.3500        5.450        0.2217        0.0069     0.0076 
   0.3500        6.960        0.2160        0.0049     0.0047 
   0.3500        8.810        0.2016        0.0057     0.0028 
   0.3500       11.320        0.1831        0.0073     0.0019 
   0.3500       14.810        0.1680        0.0052     0.0021 
   0.3500       20.200        0.1782        0.0038     0.0027 
   0.3500       26.640        0.1677        0.0028     0.0028 
   0.3500       35.420        0.1698        0.0030     0.0030 
   0.3500       46.630        0.1633        0.0038     0.0031 
   0.3500       61.200        0.1556        0.0103     0.0046 
   0.5000        5.720        0.1148        0.0100     0.0117 
   0.5000        6.920        0.1263        0.0047     0.0100 
   0.5000        8.880        0.1053        0.0039     0.0060 
   0.5000       11.270        0.1027        0.0044     0.0045 
   0.5000       14.370        0.1085        0.0061     0.0036 
   0.5000       20.030        0.0876        0.0035     0.0039 
   0.5000       27.190        0.0848        0.0020     0.0026 
   0.5000       35.480        0.0823        0.0016     0.0029 
   0.5000       46.620        0.0805        0.0020     0.0030 
   0.5000       62.310        0.0723        0.0047     0.0029 
