   x     Q2         F2d       stat   sys
0.2395  0.825      0.2649   0.0010  0.0139
0.2485  0.825      0.2580   0.0011  0.0135
0.2575  0.825      0.2502   0.0011  0.0130
0.2665  0.825      0.2531   0.0012  0.0131
0.2755  0.825      0.2618   0.0014  0.0136
0.2845  0.825      0.2555   0.0015  0.0133
0.2935  0.825      0.2557   0.0015  0.0133
0.3025  0.825      0.2523   0.0016  0.0131
0.3115  0.825      0.2384   0.0016  0.0124
0.3205  0.825      0.2331   0.0016  0.0121
0.3295  0.825      0.2227   0.0016  0.0116
0.3385  0.825      0.2226   0.0015  0.0115
0.3475	 0.825     0.2310   0.0016  0.0120
0.3565	 0.825     0.2321   0.0016  0.0121
0.3655	 0.825     0.2349   0.0016  0.0122
0.3745	 0.825     0.2228   0.0016  0.0116
0.3835	 0.825     0.2125   0.0016  0.0110
0.3925	 0.825     0.1943   0.0016  0.0101
0.4015	 0.825     0.1835   0.0016  0.0096
0.4105	 0.825     0.1736   0.0016  0.0090
0.4195	 0.825     0.1718   0.0016  0.0089
0.4285	 0.825     0.1737   0.0017  0.0091
0.4375	 0.825     0.1616   0.0016  0.0084
0.4465	 0.825     0.1669   0.0017  0.0088
0.4555	 0.825     0.1603   0.0017  0.0084
0.4645	 0.825     0.1552   0.0017  0.0081
0.4735	 0.825     0.1659   0.0018  0.0087
0.4825	 0.825     0.1663   0.0018  0.0088
0.4915	 0.825     0.1673   0.0018  0.0088
0.5005	 0.825     0.1825   0.0019  0.0096
0.5095	 0.825     0.1743   0.0019  0.0091
0.5185	 0.825     0.1868   0.0020  0.0098
0.5275	 0.825     0.1890   0.0020  0.0098
0.5365	 0.825     0.1860   0.0020  0.0097
0.5455	 0.825     0.1919   0.0021  0.0100
0.5545	 0.825     0.1980   0.0021  0.0103
0.5635	 0.825     0.2056   0.0023  0.0108
0.5725	 0.825     0.2003   0.0023  0.0104
0.5815	 0.825     0.1953   0.0023  0.0102
0.5905	 0.825     0.1780   0.0022  0.0093
0.5995	 0.825     0.1618   0.0020  0.0084
0.6085	 0.825     0.1580   0.0020  0.0082
0.6175	 0.825     0.1372   0.0019  0.0071
0.6265	 0.825     0.1241   0.0018  0.0064
0.6355	 0.825     0.1118   0.0017  0.0057
0.6445	 0.825     0.1023   0.0016  0.0052
0.6535	 0.825     0.09330   0.00157  0.00480
0.6625	 0.825     0.07989   0.00140  0.00407
0.6715	 0.825     0.07597   0.00142  0.00388
0.6805	 0.825     0.06734   0.00132  0.00345
0.6895	 0.825     0.06822   0.00136  0.00351
0.6985	 0.825     0.05697   0.00124  0.00292
0.7075	 0.825     0.05763   0.00128  0.00299
0.7165	 0.825     0.05291   0.00115  0.00270
0.7255	 0.825     0.05068   0.00115  0.00259
0.7345	 0.825     0.04598   0.00110  0.00234
0.7435	 0.825     0.04773   0.00116  0.00244
0.7525	 0.825     0.04845   0.00118  0.00246
0.7615	 0.825     0.05089   0.00125  0.00258
0.7705	 0.825     0.05543   0.00131  0.00282
0.7795	 0.825     0.05364   0.00127  0.00273
0.7885	 0.825     0.05483   0.00132  0.00280
0.7975	 0.825     0.05775   0.00136  0.00296
0.8065	 0.825     0.06781   0.00154  0.00348
0.8155	 0.825     0.06411   0.00151  0.00331
0.8245	 0.825     0.06775   0.00153  0.00347
0.8335	 0.825     0.08080   0.00176  0.00416
0.8425	 0.825     0.08359   0.00177  0.00428
0.8515	 0.825     0.09121   0.00187  0.00472
0.8605	 0.825     0.09965   0.00206  0.00515
0.8695	 0.825     0.1030   0.0021  0.0053
0.8785	 0.825     0.1142   0.0022  0.0059
0.8875	 0.825     0.1307   0.0025  0.0068
0.8965	 0.825     0.1477   0.0028  0.0078
0.9055	 0.825     0.1654   0.0031  0.0086
0.9145	 0.825     0.1682   0.0032  0.0088
0.9235	 0.825     0.1842   0.0034  0.0097
0.9325	 0.825     0.2136   0.0038  0.0112
0.9415	 0.825     0.2274   0.0040  0.0120
0.9505	 0.825     0.2240   0.0041  0.0118
0.9595	 0.825     0.2484   0.0045  0.0130
0.9685	 0.825     0.2579   0.0048  0.0138
0.9775	 0.825     0.2678   0.0049  0.0143
0.9865	 0.825     0.2752   0.0052  0.0147
0.9955	 0.825     0.2720   0.0051  0.0144
1.0045	 0.825     0.2673   0.0051  0.0142
1.0135	 0.825     0.2406   0.0047  0.0126
1.0225	 0.825     0.2442   0.0047  0.0129
1.0315	 0.825     0.2360   0.0046  0.0123
1.0405	 0.825     0.2109   0.0043  0.0110
1.0495	 0.825     0.2111   0.0043  0.0110
1.0585	 0.825     0.1799   0.0038  0.0094
1.0675	 0.825     0.1737   0.0037  0.0090
1.0765	 0.825     0.1462   0.0033  0.0075
1.0855	 0.825     0.1331   0.0030  0.0068
1.0945	 0.825     0.1277   0.0030  0.0066
1.1035	 0.825     0.1109   0.0027  0.0056
1.1125	 0.825     0.09912   0.00258  0.00502
1.1215	 0.825     0.09580   0.00256  0.00486
1.1305	 0.825     0.09343   0.00255  0.00477
1.1395	 0.825     0.07492   0.00209  0.00377
1.1485	 0.825     0.06475   0.00202  0.00325
1.1575	 0.825     0.06861   0.00229  0.00350
1.1665	 0.825     0.05704   0.00191  0.00289
1.1755	 0.825     0.04912   0.00169  0.00247
1.1845	 0.825     0.04992   0.00177  0.00251
1.1935	 0.825     0.03669   0.00159  0.00183
1.2025	 0.825     0.03571   0.00153  0.00179
1.2115	 0.825     0.03607   0.00156  0.00182
1.2205	 0.825     0.03245   0.00141  0.00165
1.2295	 0.825     0.02750   0.00137  0.00137
1.2385	 0.825     0.02526   0.00130  0.00126
1.2475	 0.825     0.02514   0.00133  0.00126
1.2565	 0.825     0.02283   0.00135  0.00114
1.2655	 0.825     0.02294   0.00123  0.00115
1.2745	 0.825     0.02270   0.00127  0.00114
1.2835	 0.825     0.02214   0.00133  0.00110
1.2925	 0.825     0.02297   0.00133  0.00114
1.3015	 0.825     0.01819   0.00117  0.00091
1.3105	 0.825     0.01607   0.00112  0.00080
1.3195	 0.825     0.01398   0.00104  0.00071
1.3285	 0.825     0.01355   0.00095  0.00067
1.3375	 0.825     0.01304   0.00111  0.00066
1.3465	 0.825     0.01404   0.00098  0.00071
1.3555	 0.825     0.01048   0.00093  0.00052
1.3645	 0.825     0.01311   0.00116  0.00065
1.3735	 0.825     0.01105   0.00105  0.00055
1.3825	 0.825     0.01219   0.00102  0.00062
1.3915	 0.825     0.008463  0.00084   0.000421
1.4005	 0.825     0.01033   0.00092   0.00052
1.4095	 0.825     0.008845  0.00084   0.000449
1.4185	 0.825     0.01040   0.00085   0.00051
1.4365	 0.825     0.007883   0.000846   0.000394
1.4545	 0.825     0.006593   0.000841   0.000342
1.4635	 0.825     0.008937   0.001038   0.000461
1.4725	 0.825     0.006045   0.000984   0.000303
1.4815	 0.825     0.004011   0.000618   0.000197
1.4905	 0.825     0.005799   0.000683   0.000284
1.4995	 0.825     0.005074   0.000677   0.000258
1.5085	 0.825     0.004728   0.000598   0.000234
1.5265	 0.825     0.004348   0.000622   0.000218
