      x           Q2             F2          stat_err   sys_err
    0.080         0.58          0.28119     0.00422    0.00337 
    0.080         0.66          0.29347     0.00587    0.00411  
    0.080         0.81          0.30504     0.00610    0.00397  
    0.080         0.89          0.31721     0.00349    0.00381  
    0.080         1.01          0.32586     0.00391    0.00326  
    0.080         1.12          0.32882     0.00460    0.00427  
    0.080         1.25          0.33676     0.00337    0.00337  
    0.080         1.44          0.33999     0.00986    0.00306  
    0.080         1.53          0.34563     0.00622    0.00691  
    0.080         1.66          0.35286     0.00847    0.00600  
    0.080         1.80          0.35609     0.00570    0.00534  
    0.080         1.98          0.35856     0.00717    0.00681  
    0.080         2.15          0.37467     0.01386    0.00862  
    0.080         2.42          0.37272     0.00820    0.00820  
    0.125         0.65          0.30461     0.00305    0.00335  
    0.125         0.74          0.31305     0.00939    0.00407  
    0.125         0.79          0.31701     0.00888    0.00476  
    0.125         0.94          0.32729     0.00425    0.00458  
    0.125         1.12          0.33266     0.00399    0.00233  
    0.125         1.26          0.33965     0.00577    0.00340  
    0.125         1.37          0.33948     0.00373    0.00339  
    0.125         1.63          0.34545     0.00380    0.00242  
    0.125         1.83          0.35679     0.00749    0.00500  
    0.125         2.00          0.34910     0.00489    0.00314  
    0.125         2.22          0.35091     0.00386    0.00386  
    0.125         2.58          0.35318     0.00636    0.00777  
    0.125         2.83          0.36474     0.00657    0.00802  
    0.125         3.01          0.35004     0.00980    0.01050  
    0.125         3.35          0.33320     0.00933    0.00833  
    0.125         3.72          0.36272     0.01632    0.01161  
    0.175         0.69          0.31308     0.00595    0.00470  
    0.175         0.79          0.31794     0.00350    0.00286  
    0.175         0.89          0.32703     0.00425    0.00262  
    0.175         1.00          0.32970     0.00593    0.00429  
    0.175         1.10          0.35127     0.00808    0.00492  
    0.175         1.29          0.33685     0.00404    0.00269  
    0.175         1.41          0.32613     0.00359    0.00228  
    0.175         1.50          0.34189     0.00615    0.00410  
    0.175         1.62          0.33828     0.02030    0.00541  
    0.175         1.74          0.34523     0.00518    0.00276  
    0.175         1.88          0.34553     0.00346    0.00276  
    0.175         2.15          0.35376     0.00566    0.00460  
    0.175         2.38          0.35155     0.00457    0.00387  
    0.175         2.56          0.34144     0.00376    0.00376  
    0.175         2.72          0.34679     0.00624    0.00590  
    0.175         3.00          0.36287     0.00798    0.00617  
    0.175         3.25          0.35511     0.00497    0.00675  
    0.175         3.54          0.34569     0.00519    0.00691  
    0.175         3.80          0.34713     0.01076    0.00625  
    0.175         4.14          0.34461     0.00379    0.00655  
    0.175         4.59          0.32285     0.01195    0.00710  
    0.175         5.10          0.35688     0.00535    0.00714  
    0.175         5.44          0.33516     0.00637    0.00905  
    0.250         0.72          0.29666     0.00564     0.00445  
    0.250         0.89          0.31069     0.00528     0.00342  
    0.250         1.03          0.31386     0.00220     0.00220  
    0.250         1.10          0.31517     0.00315     0.00252  
    0.250         1.31          0.31955     0.00383     0.00288  
    0.250         1.46          0.32352     0.00388     0.00226  
    0.250         1.57          0.31918     0.00287     0.00223  
    0.250         1.76          0.32688     0.00327     0.00229  
    0.250         2.06          0.32392     0.00292     0.00227  
    0.250         2.30          0.32655     0.00359     0.00327  
    0.250         2.51          0.32803     0.00394     0.00328  
    0.250         2.71          0.31830     0.00573     0.00286  
    0.250         2.90          0.32494     0.00260     0.00227  
    0.250         3.09          0.31852     0.00764     0.00319  
    0.250         3.30          0.32633     0.00555     0.00359  
    0.250         3.53          0.31570     0.00316     0.00347  
    0.250         3.97          0.32048     0.00449     0.00481  
    0.250         4.32          0.31921     0.00415     0.00351  
    0.250         4.75          0.31051     0.00342     0.00373  
    0.250         5.26          0.31348     0.00251     0.00376  
    0.250         5.82          0.31316     0.00470     0.00532  
    0.250         6.19          0.31112     0.00467     0.00529  
    0.250         6.74          0.30908     0.00804     0.00556  
    0.250         7.71          0.30222     0.00423     0.00665  
    0.250         8.22          0.29698     0.01633     0.00713  
    0.350         1.10          0.26772     0.00402     0.00268  
    0.350         1.17          0.27002     0.00297     0.00162  
    0.350         1.39          0.27659     0.00360     0.00304  
    0.350         1.65          0.28076     0.00197     0.00168  
    0.350         1.83          0.27727     0.00665     0.00250   
    0.350         1.98          0.26929     0.00296     0.00162   
    0.350         2.18          0.26946     0.00243     0.00135   
    0.350         2.49          0.26833     0.00724     0.00241   
    0.350         2.79          0.26816     0.00563     0.00295   
    0.350         3.12          0.26550     0.00212     0.00159   
    0.350         3.36          0.26976     0.00809     0.00243   
    0.350         3.74          0.26310     0.00289     0.00237   
    0.350         4.15          0.26549     0.00212     0.00239  
    0.350         5.11          0.25826     0.00310     0.00258  
    0.350         5.66          0.26112     0.00418     0.00339  
    0.350         6.06          0.24964     0.00200     0.00225  
    0.350         6.58          0.25481     0.00382     0.00357  
    0.350         7.37          0.24809     0.00223     0.00372  
    0.350         8.15          0.24059     0.00313     0.00361  
    0.350         9.34          0.23509     0.00447     0.00447  
    0.350         9.99          0.23742     0.00404     0.00499  
    0.350        10.95          0.24735     0.00965     0.00594  
    0.450         1.70          0.22273     0.00223     0.00156  
    0.450         1.87          0.22263     0.00712     0.00245  
    0.450         2.01          0.20909     0.00502     0.00188  
    0.450         2.29          0.21195     0.00191     0.00127  
    0.450         2.44          0.20619     0.00247     0.00144  
    0.450         2.65          0.20516     0.00308     0.00185  
    0.450         3.39          0.20162     0.00161     0.00121  
    0.450         3.75          0.19865     0.00258     0.00159  
    0.450         4.72          0.19361     0.00136     0.00174  
    0.450         5.28          0.18814     0.00226     0.00207  
    0.450         5.68          0.18673     0.00224     0.00168  
    0.450         6.07          0.18297     0.00531     0.00238  
    0.450         6.55          0.18012     0.00162     0.00162  
    0.450         7.09          0.17827     0.00143     0.00196  
    0.450         7.84          0.18042     0.00505     0.00289  
    0.450         8.44          0.17174     0.00206     0.00240  
    0.450         9.44          0.17108     0.00137     0.00240  
    0.450        10.80          0.16788     0.00151     0.00302  
    0.450        11.60          0.16601     0.00266     0.00349  
    0.450        12.58          0.16341     0.00212     0.00359  
    0.450        15.01          0.15683     0.01051     0.01051  
    0.450        16.36          0.16378     0.00704     0.00983  
    0.550         2.47          0.15246     0.00122     0.00107  
    0.550         2.77          0.14767     0.00251     0.00118  
    0.550         3.47          0.13889     0.00153     0.00167  
    0.550         3.74          0.13957     0.00419     0.00126  
    0.550         4.04          0.13213     0.00106     0.00106  
    0.550         4.80          0.12866     0.00347     0.00129  
    0.550         5.32          0.12449     0.00224     0.00137  
    0.550         5.73          0.12172     0.00158     0.00134  
    0.550         6.24          0.11955     0.00132     0.00120  
    0.550         7.45          0.11388     0.00080     0.00102  
    0.550         8.37          0.11197     0.00134     0.00146  
    0.550         9.39          0.10837     0.00108     0.00163  
    0.550        10.60          0.10423     0.00094     0.00146  
    0.550        11.87          0.10221     0.00092     0.00174  
    0.550        12.84          0.10066     0.00111     0.00191  
    0.550        13.69          0.09781     0.00117     0.00205  
    0.550        14.65          0.09733     0.00117     0.00204  
    0.550        15.57          0.09778     0.00323     0.00303  
    0.550        16.71          0.11092     0.01686     0.00821  
    0.550        17.89          0.08557     0.00334     0.00471  
    0.550        19.47          0.08893     0.00276     0.00445  
    0.650         4.29          0.08284     0.00075     0.00075  
    0.650         5.05          0.08061     0.00234     0.00105  
    0.650         5.71          0.07099     0.00128     0.00078  
    0.650         6.29          0.06950     0.00070     0.00076  
    0.650         6.81          0.06728     0.00067     0.00081  
    0.650         7.24          0.05886     0.00453     0.00200  
    0.650         7.89          0.06348     0.00051     0.00057  
    0.650         8.63          0.06127     0.00055     0.00061  
    0.650         9.52          0.05772     0.00075     0.00081  
    0.650        10.60          0.05660     0.00051     0.00079  
    0.650        11.49          0.05412     0.00065     0.00103  
    0.650        13.15          0.05258     0.00053     0.00084  
    0.650        14.46          0.05074     0.00081     0.00117  
    0.650        15.56          0.04928     0.00054     0.00113  
    0.650        16.64          0.04650     0.00070     0.00107  
    0.650        18.32          0.04490     0.00126     0.00220  
    0.650        20.62          0.04222     0.00160     0.00220  
    0.650        22.21          0.04451     0.00093     0.00218  
    0.750         6.05          0.03503     0.00077     0.00056  
    0.750         6.66          0.03382     0.00047     0.00041  
    0.750         7.29          0.03166     0.00032     0.00054  
    0.750         8.04          0.02849     0.00048     0.00048  
    0.750         8.88          0.02798     0.00025     0.00036  
    0.750        10.24          0.02606     0.00034     0.00039  
    0.750        11.59          0.02397     0.00026     0.00034  
    0.750        13.08          0.02228     0.00025     0.00040  
    0.750        14.46          0.02065     0.00027     0.00039  
    0.750        15.71          0.02033     0.00055     0.00045  
    0.750        17.03          0.01862     0.00022     0.00045  
    0.750        18.42          0.01873     0.00036     0.00052  
    0.750        19.92          0.01588     0.00060     0.00084  
    0.750        21.58          0.01644     0.00064     0.00100  
    0.750        24.46          0.01550     0.00054     0.00085   
    0.750        26.69          0.01438     0.00049     0.00095   
    0.850        10.11          0.00854     0.00023     0.00045   
    0.850        11.07          0.00743     0.00025     0.00033   
    0.850        12.18          0.00680     0.00015     0.00022   
    0.850        13.97          0.00618     0.00014     0.00020   
    0.850        15.45          0.00578     0.00008     0.00016   
    0.850        16.61          0.00542     0.00015     0.00017   
    0.850        18.48          0.00481     0.00007     0.00015   
    0.850        19.95          0.00473     0.00012     0.00018   
    0.850        23.39          0.00375     0.00013     0.00028   
    0.850        29.17          0.00277     0.00011     0.00022  
