   RunNo          I-L      I-L Err          I-R      I-R Err            Q        Q Err
    4102 4.019688e+01 8.487054e-01 4.019688e+01 8.487054e-01 6.964377e+17 1.870685e+16
    4103 4.012173e+01 1.185407e+00 4.012173e+01 1.185407e+00 4.270674e+17 1.463109e+16
    4247 4.003453e+01 1.997494e+00 4.003453e+01 1.997494e+00 2.901248e+17 1.200545e+16
    4248 3.994685e+01 2.105362e+00 3.994685e+01 2.105362e+00 2.950367e+17 1.210550e+16
    4249 4.020720e+01 1.200457e+00 4.020720e+01 1.200457e+00 2.968222e+17 1.221998e+16
    4250 3.998712e+01 2.070608e+00 3.998712e+01 2.070608e+00 3.652090e+17 1.346178e+16
    4095 4.015306e+01 1.319845e+00 4.015306e+01 1.319845e+00 5.786640e+17 1.707873e+16
    4096 4.006265e+01 1.610882e+00 4.006265e+01 1.610882e+00 3.891747e+17 1.397056e+16
    4097 3.990149e+01 2.313510e+00 3.990149e+01 2.313510e+00 5.759093e+17 1.688020e+16
    4098 4.012678e+01 1.351198e+00 4.012678e+01 1.351198e+00 5.802334e+17 1.706569e+16
    4099 4.009300e+01 1.497262e+00 4.009300e+01 1.497262e+00 5.783830e+17 1.699657e+16
    4245 4.023860e+01 4.171285e-01 4.023860e+01 4.171285e-01 2.916751e+17 1.211115e+16
    4246 4.004351e+01 1.220777e+00 4.004351e+01 1.220777e+00 2.165183e+17 1.039321e+16
    3664 9.476387e+01 6.041335e-01 9.476387e+01 6.041335e-01 3.020879e+16 5.708925e+15
    3665 9.473328e+01 7.922522e-01 9.473328e+01 7.922522e-01 7.416149e+16 9.128649e+15
    3666 9.382115e+01 7.005767e+00 9.382115e+01 7.005767e+00 7.022061e+16 8.918026e+15
    3667 9.253228e+01 9.249131e+00 9.253228e+01 9.249131e+00 1.673356e+17 1.366290e+16
    3668 9.154192e+01 1.257342e+01 9.154192e+01 1.257342e+01 2.671165e+17 1.710038e+16
    3669 9.464129e+01 6.883913e-01 9.464129e+01 6.883913e-01 2.709393e+17 1.778803e+16
    3670 9.370333e+01 6.640704e+00 9.370333e+01 6.640704e+00 3.340420e+17 1.961562e+16
    3681 4.000055e+01 3.701140e-01 4.000055e+01 3.701140e-01 1.990831e+17 9.979134e+15
    3682 3.999027e+01 3.162178e-01 3.999027e+01 3.162178e-01 2.038406e+17 1.011644e+16
    3683 3.955152e+01 2.886411e+00 3.955152e+01 2.886411e+00 3.847668e+17 1.372418e+16
    3673 9.471550e+01 4.067358e-01 9.471550e+01 4.067358e-01 1.432414e+17 1.477422e+16
    3674 9.015107e+01 1.422787e+01 9.015107e+01 1.422787e+01 5.162457e+17 2.346571e+16
    3675 9.015107e+01 1.422787e+01 9.015107e+01 1.422787e+01 5.162457e+17 2.346571e+16
    3676 9.461923e+01 5.633911e-01 9.461923e+01 5.633911e-01 3.453088e+17 2.056284e+16
    3677 9.383815e+01 4.258103e+00 9.383815e+01 4.258103e+00 1.548210e+17 1.476160e+16
    3679 0.000000e+00 0.000000e+00 0.000000e+00 0.000000e+00 0.000000e+00         -0
    4079 0.000000e+00 0.000000e+00 0.000000e+00 0.000000e+00 0.000000e+00         -0
    4100 4.000869e+01 1.904918e+00 4.000869e+01 1.904918e+00 4.382196e+17 1.475562e+16
    4101 4.005766e+01 1.799311e+00 4.005766e+01 1.799311e+00 4.931200e+17 1.565657e+16
    3905 3.777869e+01 1.950423e+00 3.777869e+01 1.950423e+00 3.814730e+17 1.338708e+16
    3906 3.805999e+01 1.560300e+00 3.805999e+01 1.560300e+00 2.554420e+17 1.099247e+16
    4076 4.033565e+01 4.199327e-01 4.033565e+01 4.199327e-01 2.379363e+17 1.097518e+16
    3892 9.313493e+01 2.783240e+01 9.313493e+01 2.783240e+01 7.379178e+16 8.355274e+15
    3893 1.155572e+02 9.370390e+00 1.155572e+02 9.370390e+00 7.501802e+17 3.277177e+16
    3894 1.158567e+02 8.832321e+00 1.158567e+02 8.832321e+00 8.900660e+17 3.551750e+16
    3896 1.167937e+02 6.345832e-01 1.167937e+02 6.345832e-01 4.831950e+17 2.651877e+16
    3897 1.171305e+02 4.607844e-01 1.171305e+02 4.607844e-01 1.532230e+18 4.737599e+16
    3898 1.168437e+02 6.739766e-01 1.168437e+02 6.739766e-01 8.534401e+17 3.537623e+16
    3899 0.000000e+00 0.000000e+00 0.000000e+00 0.000000e+00 0.000000e+00         -0
    3900 1.162384e+02 1.236331e+01 1.162384e+02 1.236331e+01 1.129295e+18 4.017852e+16
    3901 1.062199e+02 2.070009e+01 1.062199e+02 2.070009e+01 1.438803e+18 4.242800e+16
    3902 1.070775e+02 1.261035e+01 1.070775e+02 1.261035e+01 1.022558e+18 3.638099e+16
    3903 1.085569e+02 8.727738e+00 1.085569e+02 8.727738e+00 1.983475e+18 5.152317e+16
    3904 1.091782e+02 6.455726e+00 1.091782e+02 6.455726e+00 7.589349e+17 3.201374e+16
    4073 9.175835e+01 2.574953e+01 9.175835e+01 2.574953e+01 1.527323e+17 1.230752e+16
    4074 1.156902e+02 1.483076e+01 1.156902e+02 1.483076e+01 1.740449e+18 4.914875e+16
    4075 1.176127e+02 7.679357e+00 1.176127e+02 7.679357e+00 1.790778e+18 5.106098e+16
    3657 9.384952e+01 6.501189e+00 9.384952e+01 6.501189e+00 3.729865e+17 2.078572e+16
    3658 9.486797e+01 5.982691e-01 9.486797e+01 5.982691e-01 5.636073e+17 2.588734e+16
    3660 9.340280e+01 7.799587e+00 9.340280e+01 7.799587e+00 1.313326e+18 3.886329e+16
    3661 9.297851e+01 8.759875e+00 9.297851e+01 8.759875e+00 1.048134e+18 3.459358e+16
    3662 9.355867e+01 7.111940e+00 9.355867e+01 7.111940e+00 3.654558e+17 2.042960e+16
    3663 9.456619e+01 6.173591e-01 9.456619e+01 6.173591e-01 1.691770e+17 1.409809e+16
    3907 9.266362e+01 1.036231e+01 9.266362e+01 1.036231e+01 3.681498e+17 2.020484e+16
    3908 8.527324e+01 1.815176e+01 8.527324e+01 1.815176e+01 3.668944e+17 1.887101e+16
    3913 3.983326e+01 3.249684e-01 3.983326e+01 3.249684e-01 2.194575e+16 3.235724e+15
    3914 3.975745e+01 1.518811e+00 3.975745e+01 1.518811e+00 1.222233e+17 7.792671e+15
    3915 3.966974e+01 2.236480e+00 3.966974e+01 2.236480e+00 1.594812e+17 8.860069e+15
    3916 3.998058e+01 1.035312e+00 3.998058e+01 1.035312e+00 5.766146e+17 1.700344e+16
    3909 3.303154e+01 7.496628e+00 3.303154e+01 7.496628e+00 4.105349e+15 1.298225e+15
    3910 3.897532e+01 4.130459e+00 3.897532e+01 4.130459e+00 1.496357e+16 2.493929e+15
    3911 4.007083e+01 3.783157e-01 4.007083e+01 3.783157e-01 3.752404e+17 1.372015e+16
    3912 3.995932e+01 1.537386e+00 3.995932e+01 1.537386e+00 4.298742e+17 1.464157e+16
    4151 0.000000e+00 0.000000e+00 0.000000e+00 0.000000e+00 0.000000e+00         -0
    4163 1.204745e+02 5.241776e-01 1.204745e+02 5.241776e-01 5.232267e+17 2.812884e+16
    4164 1.205805e+02 5.110424e-01 1.205805e+02 5.110424e-01 4.083461e+17 2.475962e+16
    4165 4.040489e+01 1.677439e+00 4.040489e+01 1.677439e+00 1.895664e+17 9.724550e+15
    4166 4.053335e+01 2.637583e-01 4.053335e+01 2.637583e-01 2.227458e+17 1.064321e+16
    4167 4.010633e+01 1.115277e+00 4.010633e+01 1.115277e+00 2.190429e+17 1.046627e+16
    4168 4.047849e+01 1.379038e+00 4.047849e+01 1.379038e+00 2.867684e+17 1.205377e+16
    4169 4.010866e+01 2.093392e+00 4.010866e+01 2.093392e+00 1.380117e+17 8.277389e+15
    4170 4.020268e+01 1.625338e+00 4.020268e+01 1.625338e+00 2.049665e+17 1.014735e+16
    4171 4.042758e+01 9.643423e-01 4.042758e+01 9.643423e-01 2.356985e+17 1.091852e+16
    4172 4.034618e+01 1.328766e+00 4.034618e+01 1.328766e+00 2.583026e+17 1.139324e+16
    4173 4.059459e+01 3.041266e-01 4.059459e+01 3.041266e-01 4.077644e+17 1.439866e+16
    4178 4.036692e+01 1.212698e-01 4.036692e+01 1.212698e-01 4.732783e+17 1.546959e+16
    4179 4.037315e+01 1.471927e-01 4.037315e+01 1.471927e-01 5.232866e+17 1.625772e+16
    4175 4.052776e+01 1.314379e+00 4.052776e+01 1.314379e+00 2.497045e+17 1.123473e+16
    4176 4.066488e+01 6.720241e-02 4.066488e+01 6.720241e-02 4.306347e+16 4.643654e+15
    4177 4.024809e+01 1.132246e+00 4.024809e+01 1.132246e+00 6.391040e+17 1.791959e+16
    4153 1.198615e+02 6.434208e+00 1.198615e+02 6.434208e+00 5.916721e+17 2.965784e+16
    4154 1.188351e+02 1.096983e+01 1.188351e+02 1.096983e+01 5.530573e+17 2.829687e+16
    4155 1.205476e+02 5.255833e-01 1.205476e+02 5.255833e-01 7.284675e+17 3.318078e+16
    4156 1.194702e+02 8.723547e+00 1.194702e+02 8.723547e+00 5.988291e+17 2.971939e+16
    4157 1.207713e+02 7.650328e-01 1.207713e+02 7.650328e-01 5.954374e+17 2.999771e+16
    4158 1.204782e+02 6.509481e-01 1.204782e+02 6.509481e-01 5.685223e+17 2.924163e+16
    4159 1.209193e+02 7.145163e-01 1.209193e+02 7.145163e-01 7.575858e+17 3.381271e+16
    4160 1.189880e+02 1.077503e+01 1.189880e+02 1.077503e+01 6.374894e+17 3.053021e+16
    4161 1.206587e+02 6.392742e-01 1.206587e+02 6.392742e-01 5.932521e+17 2.996376e+16
    4162 1.182346e+02 1.187097e+01 1.182346e+02 1.187097e+01 5.847098e+17 2.901866e+16
    4152 0.000000e+00 0.000000e+00 0.000000e+00 0.000000e+00 0.000000e+00         -0
    3692 9.382790e+01 6.606442e+00 9.382790e+01 6.606442e+00 5.308555e+17 2.480525e+16
    4121 9.508140e+01 4.622888e+00 9.508140e+01 4.622888e+00 6.291740e+17 2.722702e+16
    4122 9.429257e+01 7.824452e+00 9.429257e+01 7.824452e+00 6.305164e+17 2.693433e+16
    4123 4.026994e+01 1.980885e+00 4.026994e+01 1.980885e+00 6.888995e+17 1.855800e+16
    4124 4.025565e+01 9.286598e-01 4.025565e+01 9.286598e-01 5.502933e+17 1.663740e+16
    4126 4.011907e+01 1.376771e-01 4.011907e+01 1.376771e-01 6.376001e+17 1.790560e+16
    4127 4.031271e+01 1.212505e+00 4.031271e+01 1.212505e+00 6.225535e+17 1.767933e+16
    3693 3.983761e+01 3.272517e-01 3.983761e+01 3.272517e-01 1.179815e+17 7.647606e+15
    3694 1.995185e+01 7.164074e-01 1.995185e+01 7.164074e-01 2.195291e+17 7.391929e+15
    3695 2.001554e+01 3.802425e-01 2.001554e+01 3.802425e-01 1.553192e+17 6.237769e+15
    3696 1.998525e+01 3.092903e-01 1.998525e+01 3.092903e-01 1.289937e+17 5.678631e+15
    3697 1.938808e+01 1.759658e+00 1.938808e+01 1.759658e+00 1.022394e+16 1.475699e+15
    3698 1.993466e+01 5.043373e-01 1.993466e+01 5.043373e-01 1.370205e+17 5.842574e+15
    3699 1.993225e+01 5.417214e-01 1.993225e+01 5.417214e-01 1.392881e+17 5.885999e+15
    3700 1.996888e+01 1.667671e-01 1.996888e+01 1.667671e-01 1.647369e+17 6.412374e+15
    3701 1.999841e+01 1.679199e-01 1.999841e+01 1.679199e-01 1.661346e+17 6.457004e+15
    3702 1.993106e+01 5.593318e-01 1.993106e+01 5.593318e-01 1.303176e+17 5.682119e+15
    3703 1.011390e+01 6.802239e-02 1.011390e+01 6.802239e-02 1.943808e+16 1.566365e+15
    3704 1.006893e+01 5.829854e-02 1.006893e+01 5.829854e-02 5.351459e+16 2.598898e+15
    3705 1.012068e+01 9.616420e-02 1.012068e+01 9.616420e-02 1.322836e+17 4.090157e+15
    3706 1.015164e+01 7.318729e-02 1.015164e+01 7.318729e-02 2.208395e+15 5.205236e+14
    3707 1.009842e+01 5.323188e-02 1.009842e+01 5.323188e-02 9.104760e+16 3.388441e+15
    3708 1.012133e+01 9.209929e-02 1.012133e+01 9.209929e-02 6.520652e+16 2.859495e+15
    4128 4.019002e+01 2.107923e+00 4.019002e+01 2.107923e+00 2.525471e+17 1.120496e+16
    4129 4.013939e+01 1.633598e+00 4.013939e+01 1.633598e+00 1.473326e+17 8.534749e+15
    4130 4.014542e+01 1.923353e+00 4.014542e+01 1.923353e+00 7.195751e+17 1.894931e+16
    4131 4.026487e+01 1.637115e+00 4.026487e+01 1.637115e+00 5.097227e+17 1.600719e+16
    4119 4.025678e+01 1.276502e+00 4.025678e+01 1.276502e+00 6.964039e+17 1.871945e+16
    4120 4.011605e+01 1.347710e+00 4.011605e+01 1.347710e+00 6.906659e+17 1.859210e+16
    4112 1.174997e+02 1.078078e+01 1.174997e+02 1.078078e+01 7.048675e+17 3.184267e+16
    4113 1.125557e+02 1.996597e+01 1.125557e+02 1.996597e+01 2.501423e+17 1.786731e+16
    4114 1.164131e+02 1.155964e+01 1.164131e+02 1.155964e+01 1.460706e+18 4.546980e+16
    4115 1.156441e+02 1.310010e+01 1.156441e+02 1.310010e+01 1.452174e+18 4.494365e+16
    4116 1.160882e+02 1.257918e+01 1.160882e+02 1.257918e+01 1.459736e+18 4.535178e+16
    4132 1.206798e+02 6.129701e-01 1.206798e+02 6.129701e-01 6.260243e+16 9.659764e+15
    3689 9.462281e+01 3.346453e-01 9.462281e+01 3.346453e-01 2.655628e+16 5.208116e+15
    3690 9.441962e+01 3.358409e+00 9.441962e+01 3.358409e+00 1.611185e+18 4.359333e+16
    3691 9.373185e+01 6.518010e+00 9.373185e+01 6.518010e+00 1.534556e+18 4.217340e+16
    4209 9.536395e+01 7.272780e-01 9.536395e+01 7.272780e-01 3.209477e+17 1.953225e+16
    4210 9.555948e+01 6.868907e-01 9.555948e+01 6.868907e-01 2.925827e+17 1.873069e+16
    4211 4.033081e+01 1.202765e+00 4.033081e+01 1.202765e+00 3.599771e+17 1.345298e+16
    4212 4.013946e+01 2.851023e-01 4.013946e+01 2.851023e-01 3.386127e+17 1.304288e+16
    4213 4.041526e+01 1.747169e+00 4.041526e+01 1.747169e+00 1.614140e+17 9.023315e+15
    4215 4.014243e+01 5.201591e-01 4.014243e+01 5.201591e-01 3.916433e+17 1.400514e+16
    4216 4.004224e+01 2.154437e+00 4.004224e+01 2.154437e+00 4.291736e+17 1.461771e+16
    4190 4.028961e+01 6.901433e-02 4.028961e+01 6.901433e-02 4.452126e+16 4.745983e+15
    4191 4.045870e+01 1.125413e-01 4.045870e+01 1.125413e-01 3.614373e+17 1.352645e+16
    4192 4.039858e+01 1.389961e+00 4.039858e+01 1.389961e+00 3.490940e+17 1.325143e+16
    4181 1.202657e+02 8.212461e+00 1.202657e+02 8.212461e+00 9.837743e+17 3.829336e+16
    4184 1.214753e+02 6.531694e-01 1.214753e+02 6.531694e-01 1.437478e+18 4.678593e+16
    4187 1.196774e+02 1.101113e+01 1.196774e+02 1.101113e+01 1.306652e+18 4.379906e+16
    4188 1.208420e+02 5.818408e+00 1.208420e+02 5.818408e+00 1.422521e+18 4.625016e+16
    4189 1.214932e+02 4.646140e-01 1.214932e+02 4.646140e-01 4.025858e+17 2.477744e+16
    3650 9.360274e+01 9.606142e+00 9.360274e+01 9.606142e+00 7.923225e+17 2.994697e+16
    3651 9.497706e+01 5.163538e+00 9.497706e+01 5.163538e+00 1.361298e+18 4.007287e+16
    3822 9.466140e+01 2.832838e-01 9.466140e+01 2.832838e-01 5.073989e+16 7.481189e+15
    3823 9.491638e+01 5.435379e-01 9.491638e+01 5.435379e-01 4.739320e+17 2.369660e+16
    3824 9.355678e+01 7.670937e+00 9.355678e+01 7.670937e+00 4.713141e+17 2.321998e+16
    3825 9.497264e+01 4.199392e-01 9.497264e+01 4.199392e-01 4.755278e+17 2.377639e+16
    3837 4.018964e+01 2.486884e-01 4.018964e+01 2.486884e-01 2.431473e+16 3.438622e+15
    3838 3.773330e+01 2.206039e+00 3.773330e+01 2.206039e+00 1.994502e+17 9.663395e+15
    3839 3.809590e+01 3.217851e-01 3.809590e+01 3.217851e-01 4.309701e+16 4.493174e+15
    3840 3.794484e+01 5.977377e-01 3.794484e+01 5.977377e-01 1.971233e+17 9.664765e+15
    3841 3.806263e+01 2.806787e-01 3.806263e+01 2.806787e-01 3.581820e+17 1.306155e+16
    3842 3.777986e+01 2.006039e+00 3.777986e+01 2.006039e+00 3.559924e+17 1.293023e+16
    3843 3.781943e+01 2.014466e+00 3.781943e+01 2.014466e+00 2.572568e+17 1.098947e+16
    3844 3.731944e+01 3.392684e+00 3.731944e+01 3.392684e+00 1.176155e+17 7.266313e+15
    3829 0.000000e+00 0.000000e+00 0.000000e+00 0.000000e+00 0.000000e+00         -0
    3830 4.006930e+01 2.183390e-01 4.006930e+01 2.183390e-01 4.240755e+17 1.459728e+16
    3831 3.998586e+01 1.130119e+00 3.998586e+01 1.130119e+00 4.227357e+17 1.453395e+16
    3832 4.006235e+01 2.786466e-01 4.006235e+01 2.786466e-01 4.228904e+17 1.455649e+16
    3833 3.992971e+01 1.177247e+00 3.992971e+01 1.177247e+00 4.256538e+17 1.458266e+16
    3834 3.977145e+01 2.368309e+00 3.977145e+01 2.368309e+00 4.128427e+17 1.426142e+16
    3835 3.984989e+01 1.563315e+00 3.984989e+01 1.563315e+00 4.234623e+17 1.450758e+16
    3826 4.002460e+01 9.118135e-01 4.002460e+01 9.118135e-01 5.322952e+17 1.633391e+16
    3827 3.996477e+01 1.296854e+00 3.996477e+01 1.296854e+00 4.988422e+17 1.577478e+16
    3828 3.992328e+01 1.707378e+00 3.992328e+01 1.707378e+00 5.291083e+17 1.622086e+16
    3642 4.513943e+01 3.000918e-01 4.513943e+01 3.000918e-01 1.011277e+17 7.537615e+15
    3643 4.516759e+01 1.323914e+00 4.516759e+01 1.323914e+00 3.648461e+17 1.433251e+16
    3644 4.499452e+01 2.375621e+00 4.499452e+01 2.375621e+00 1.010508e+18 2.377831e+16
    3645 4.502060e+01 2.019525e+00 4.502060e+01 2.019525e+00 9.755319e+17 2.340004e+16
    3646 4.507845e+01 1.817621e+00 4.507845e+01 1.817621e+00 9.233364e+17 2.277241e+16
    3648 4.509398e+01 1.910434e+00 4.509398e+01 1.910434e+00 6.286920e+17 1.880256e+16
    3808 1.174087e+02 7.518914e-01 1.174087e+02 7.518914e-01 2.653811e+17 1.967135e+16
    3809 1.155229e+02 1.183892e+01 1.155229e+02 1.183892e+01 9.356339e+17 3.625508e+16
    3810 1.175774e+02 4.920509e-01 1.175774e+02 4.920509e-01 9.741867e+17 3.792017e+16
    3811 1.163606e+02 9.171373e+00 1.163606e+02 9.171373e+00 8.382021e+17 3.462581e+16
    3812 1.170584e+02 7.112617e+00 1.170584e+02 7.112617e+00 9.723342e+17 3.762074e+16
    3813 1.163476e+02 8.960460e+00 1.163476e+02 8.960460e+00 9.706934e+17 3.727925e+16
    3814 1.180338e+02 4.496880e-01 1.180338e+02 4.496880e-01 1.271702e+18 4.331435e+16
    3815 1.158533e+02 1.061577e+01 1.158533e+02 1.061577e+01 1.039335e+18 3.841492e+16
    3816 1.164478e+02 9.084953e+00 1.164478e+02 9.084953e+00 4.050961e+17 2.395383e+16
    3817 1.167190e+02 9.732894e+00 1.167190e+02 9.732894e+00 8.283305e+17 3.463424e+16
    3818 1.158753e+02 1.083498e+01 1.158753e+02 1.083498e+01 9.736382e+17 3.706577e+16
    3819 1.151820e+02 6.697559e+00 1.151820e+02 6.697559e+00 9.713263e+17 3.730356e+16
    3820 1.151768e+02 6.585761e+00 1.151768e+02 6.585761e+00 9.717309e+17 3.731910e+16
    3821 1.151620e+02 5.908886e+00 1.151620e+02 5.908886e+00 9.722120e+17 3.733758e+16
    3652 9.422827e+01 4.906618e+00 9.422827e+01 4.906618e+00 1.422856e+18 4.090423e+16
    3653 9.451881e+01 3.144769e-01 9.451881e+01 3.144769e-01 3.162276e+17 1.938916e+16
    3654 9.326693e+01 8.152083e+00 9.326693e+01 8.152083e+00 8.780226e+17 3.236434e+16
    3655 9.481924e+01 6.081213e-01 9.481924e+01 6.081213e-01 5.920752e+17 2.647841e+16
    3656 9.481924e+01 6.081213e-01 9.481924e+01 6.081213e-01 5.920752e+17 2.647841e+16
    3581 4.836650e+01 1.277265e+01 4.836650e+01 1.277265e+01 4.217207e+16 4.601350e+15
    3585 9.516815e+01 6.589611e-01 9.516815e+01 6.589611e-01 1.122144e+18 3.660031e+16
    3590 9.466596e+01 5.080487e+00 9.466596e+01 5.080487e+00 2.097248e+18 4.959821e+16
    3591 9.479193e+01 3.794219e+00 9.479193e+01 3.794219e+00 1.103963e+18 3.604568e+16
    3592 9.416563e+01 6.692113e+00 9.416563e+01 6.692113e+00 1.103681e+18 3.573300e+16
    3759 9.448255e+01 4.784940e+00 9.448255e+01 4.784940e+00 9.852448e+17 3.399417e+16
    3760 9.449574e+01 5.880386e+00 9.449574e+01 5.880386e+00 6.343554e+17 2.719776e+16
    3795 9.450049e+01 1.478549e+00 9.450049e+01 1.478549e+00 3.016715e+17 1.885447e+16
    3796 9.478741e+01 5.916048e-01 9.478741e+01 5.916048e-01 1.184309e+18 3.748866e+16
    3797 9.422732e+01 5.100227e+00 9.422732e+01 5.100227e+00 1.099396e+18 3.585835e+16
    3798 9.337863e+01 8.401612e+00 9.337863e+01 8.401612e+00 1.158651e+18 3.631438e+16
    3799 9.345759e+01 8.607479e+00 9.345759e+01 8.607479e+00 2.421236e+17 1.655123e+16
    3761 3.993132e+01 1.742285e+00 3.993132e+01 1.742285e+00 8.859742e+17 2.101141e+16
    3765 3.992725e+01 1.548439e+00 3.992725e+01 1.548439e+00 8.711845e+17 2.083720e+16
    3800 3.994870e+01 1.232749e+00 3.994870e+01 1.232749e+00 6.461880e+17 1.796353e+16
    3801 3.981842e+01 1.662426e+00 3.981842e+01 1.662426e+00 1.139699e+17 7.547838e+15
    3802 3.999130e+01 2.773534e-01 3.999130e+01 2.773534e-01 6.360328e+17 1.786158e+16
    3803 3.994519e+01 1.506822e+00 3.994519e+01 1.506822e+00 3.138191e+17 1.248305e+16
    3804 3.992701e+01 1.180678e+00 3.992701e+01 1.180678e+00 8.724701e+17 2.086795e+16
    3805 3.971813e+01 1.953306e+00 3.971813e+01 1.953306e+00 5.832763e+17 1.695112e+16
    4229 4.012568e+01 1.193569e+00 4.012568e+01 1.193569e+00 1.088488e+18 2.336651e+16
    4230 4.032180e+01 1.060940e+00 4.032180e+01 1.060940e+00 1.091821e+18 2.345969e+16
    4241 4.011246e+01 1.418456e+00 4.011246e+01 1.418456e+00 2.254222e+17 1.060297e+16
    3565 7.964945e+01 4.993880e+00 7.964945e+01 4.993880e+00 1.691537e+18 4.090566e+16
    3566 9.071262e+01 6.749030e+00 9.071262e+01 6.749030e+00 1.858476e+18 4.569716e+16
    3567 9.516570e+01 2.300615e+00 9.516570e+01 2.300615e+00 2.127209e+18 5.036313e+16
    3568 9.506966e+01 3.505927e+00 9.506966e+01 3.505927e+00 2.500545e+18 5.448859e+16
    3569 9.494271e+01 4.408268e+00 9.494271e+01 4.408268e+00 2.037004e+18 4.969781e+16
    3570 9.514843e+01 3.549110e+00 9.514843e+01 3.549110e+00 2.073027e+18 4.961154e+16
    3571 9.528828e+01 2.645059e+00 9.528828e+01 2.645059e+00 2.140176e+18 5.052872e+16
    3572 9.521436e+01 2.596690e+00 9.521436e+01 2.596690e+00 2.122510e+18 5.030831e+16
    3573 9.493014e+01 3.729692e+00 9.493014e+01 3.729692e+00 2.119428e+18 5.012276e+16
    3574 9.500833e+01 3.478546e+00 9.500833e+01 3.478546e+00 2.119717e+18 5.012959e+16
    3575 9.484112e+01 4.552622e+00 9.484112e+01 4.552622e+00 1.865641e+18 4.696502e+16
    3576 9.506212e+01 2.704728e+00 9.506212e+01 2.704728e+00 2.109123e+18 5.007547e+16
    3577 9.459677e+01 5.372593e+00 9.459677e+01 5.372593e+00 2.103533e+18 4.969130e+16
    3578 9.348412e+01 9.153301e+00 9.348412e+01 9.153301e+00 1.663050e+18 4.355385e+16
    3579 5.257244e+01 8.268741e+00 5.257244e+01 8.268741e+00 1.858693e+17 1.087718e+16
    3583 7.025506e+01 1.145728e+01 7.025506e+01 1.145728e+01 5.480714e+17 2.156358e+16
    3584 7.758640e+01 3.148552e+01 7.758640e+01 3.148552e+01 9.600853e+16 7.320582e+15
    3735 1.097001e+02 4.839454e+00 1.097001e+02 4.839454e+00 2.174486e+18 5.460155e+16
    3736 1.082716e+02 9.809397e+00 1.082716e+02 9.809397e+00 1.744498e+18 4.808865e+16
    3737 1.040448e+02 1.804700e+01 1.040448e+02 1.804700e+01 7.508611e+17 3.010679e+16
    3738 9.203412e+01 1.898281e+01 9.203412e+01 1.898281e+01 3.423364e+17 1.890237e+16
    3739 9.107000e+01 1.907165e+01 9.107000e+01 1.907165e+01 1.324645e+17 1.161790e+16
    3740 1.058446e+02 1.345622e+01 1.058446e+02 1.345622e+01 1.729188e+18 4.688919e+16
    3741 9.745733e+01 1.858669e+01 9.745733e+01 1.858669e+01 7.073186e+17 2.818025e+16
    3742 1.011621e+02 1.377962e+01 1.011621e+02 1.377962e+01 1.863842e+18 4.765006e+16
    3743 1.095178e+02 6.642314e+00 1.095178e+02 6.642314e+00 1.112651e+18 3.885545e+16
    3744 1.012940e+02 1.486391e+01 1.012940e+02 1.486391e+01 7.950229e+17 3.099322e+16
    3745 9.857690e+01 1.065687e+01 9.857690e+01 1.065687e+01 1.864054e+18 4.734702e+16
    3746 1.058417e+02 1.481153e+01 1.058417e+02 1.481153e+01 1.366777e+18 4.147467e+16
    3747 1.100025e+02 1.006786e+00 1.100025e+02 1.006786e+00 2.347032e+17 1.789595e+16
    3748 1.081550e+02 1.037922e+01 1.081550e+02 1.037922e+01 9.610658e+17 3.566850e+16
    3749 7.784802e+01 3.189528e+01 7.784802e+01 3.189528e+01 2.350480e+17 1.330697e+16
    3750 1.105132e+02 6.355995e-02 1.105132e+02 6.355995e-02 1.134709e+16 3.588263e+15
    3751 1.110702e+02 5.694738e+00 1.110702e+02 5.694738e+00 1.764845e+18 4.940617e+16
    3752 8.275565e+01 3.264846e+01 8.275565e+01 3.264846e+01 5.506169e+17 2.153083e+16
    3753 1.062169e+02 1.730701e+01 1.062169e+02 1.730701e+01 1.849836e+18 4.834625e+16
    3754 1.106688e+02 1.514599e+01 1.106688e+02 1.514599e+01 2.124862e+18 5.292345e+16
    3755 1.126910e+02 1.095516e+01 1.126910e+02 1.095516e+01 1.539740e+18 4.596751e+16
    3756 1.136146e+02 8.824247e+00 1.136146e+02 8.824247e+00 2.205641e+18 5.559458e+16
    3757 1.138246e+02 8.082633e+00 1.138246e+02 8.082633e+00 1.736783e+18 4.948119e+16
    3758 1.133014e+02 9.785301e+00 1.133014e+02 9.785301e+00 2.217447e+18 5.554041e+16
    3766 1.157798e+02 8.050523e+00 1.157798e+02 8.050523e+00 1.885055e+18 5.192378e+16
    3767 1.164280e+02 5.182034e-01 1.164280e+02 5.182034e-01 3.327346e+17 2.193987e+16
    3768 1.154912e+02 7.984267e+00 1.154912e+02 7.984267e+00 1.657964e+18 4.859578e+16
    3769 1.124103e+02 1.525851e+01 1.124103e+02 1.525851e+01 1.617161e+18 4.656716e+16
    3770 1.082110e+02 2.041030e+01 1.082110e+02 2.041030e+01 1.272268e+18 3.968095e+16
    3771 1.061513e+02 1.372551e+01 1.061513e+02 1.372551e+01 1.537035e+18 4.422320e+16
    3772 1.072032e+02 1.121359e+01 1.072032e+02 1.121359e+01 7.335636e+17 3.083398e+16
    3773 1.052303e+02 1.494265e+01 1.052303e+02 1.494265e+01 1.075905e+18 3.664546e+16
    3774 6.916478e+01 2.837482e+01 6.916478e+01 2.837482e+01 1.134000e+18 2.801923e+16
    3775 3.100505e+01 2.330195e+00 3.100505e+01 2.330195e+00 2.100199e+17 8.939043e+15
    3776 3.042231e+01 1.432965e-01 3.042231e+01 1.432965e-01 2.441253e+17 9.649898e+15
    3778 1.168713e+02 6.450676e+00 1.168713e+02 6.450676e+00 1.264955e+18 4.283677e+16
    3779 1.177054e+02 5.319141e-01 1.177054e+02 5.319141e-01 1.537860e+18 4.764122e+16
    3807 1.121150e+02 1.473456e+01 1.121150e+02 1.473456e+01 2.075018e+18 5.267153e+16
    4217 1.178668e+02 8.284022e+00 1.178668e+02 8.284022e+00 2.129391e+18 5.569059e+16
    4218 1.169567e+02 9.115604e+00 1.169567e+02 9.115604e+00 2.171078e+18 5.594522e+16
    4219 1.172821e+02 7.890766e+00 1.172821e+02 7.890766e+00 2.212625e+18 5.664095e+16
    4220 1.173026e+02 8.235206e+00 1.173026e+02 8.235206e+00 2.191638e+18 5.640015e+16
    4221 1.174539e+02 7.755469e+00 1.174539e+02 7.755469e+00 2.211031e+18 5.671174e+16
    4222 1.184260e+02 6.527973e-01 1.184260e+02 6.527973e-01 9.301764e+17 3.717733e+16
    4223 1.179178e+02 6.077441e+00 1.179178e+02 6.077441e+00 2.199017e+18 5.681626e+16
    4224 1.182814e+02 3.917207e+00 1.182814e+02 3.917207e+00 2.211635e+18 5.714227e+16
    4225 1.173581e+02 8.629972e+00 1.173581e+02 8.629972e+00 2.205434e+18 5.653102e+16
    4226 1.174335e+02 8.227187e+00 1.174335e+02 8.227187e+00 2.194518e+18 5.643692e+16
    4227 1.179144e+02 5.924690e+00 1.179144e+02 5.924690e+00 2.210440e+18 5.695951e+16
    4228 1.183867e+02 3.271451e+00 1.183867e+02 3.271451e+00 2.209933e+18 5.717469e+16
    4232 1.193954e+02 8.529206e+00 1.193954e+02 8.529206e+00 2.207498e+18 5.699734e+16
    4233 1.192154e+02 6.183989e+00 1.192154e+02 6.183989e+00 2.204854e+18 5.715818e+16
    4234 1.188947e+02 6.383057e+00 1.188947e+02 6.383057e+00 2.199488e+18 5.701908e+16
    4235 1.191081e+02 4.404940e+00 1.191081e+02 4.404940e+00 2.214939e+18 5.734261e+16
    4236 1.134460e+02 1.848382e+01 1.134460e+02 1.848382e+01 6.920600e+17 3.017525e+16
    4237 1.119375e+02 1.737144e+01 1.119375e+02 1.737144e+01 1.141483e+18 3.906073e+16
    4238 1.176994e+02 6.155742e+00 1.176994e+02 6.155742e+00 2.220380e+18 5.702663e+16
    4239 1.165361e+02 1.022580e+01 1.165361e+02 1.022580e+01 2.208995e+18 5.614477e+16
    4240 1.166845e+02 9.496634e+00 1.166845e+02 9.496634e+00 2.213720e+18 5.637421e+16
    3917 0.000000e+00 0.000000e+00 0.000000e+00 0.000000e+00 0.000000e+00         -0
    4077 0.000000e+00 0.000000e+00 0.000000e+00 0.000000e+00 0.000000e+00         -0
    4078 0.000000e+00 0.000000e+00 0.000000e+00 0.000000e+00 0.000000e+00         -0
    4272 0.000000e+00 0.000000e+00 0.000000e+00 0.000000e+00 0.000000e+00         -0
    3949 9.489340e+01 4.154467e+00 9.489340e+01 4.154467e+00 2.146582e+18 5.037205e+16
    3950 9.460588e+01 5.169653e+00 9.460588e+01 5.169653e+00 2.600472e+18 5.529166e+16
    4013 9.419651e+01 7.571606e+00 9.419651e+01 7.571606e+00 1.472292e+18 4.086547e+16
    4014 9.544461e+01 5.723496e-01 9.544461e+01 5.723496e-01 1.515717e+18 4.256559e+16
    4015 9.525668e+01 2.936030e+00 9.525668e+01 2.936030e+00 1.622374e+18 4.396049e+16
    4016 9.443366e+01 6.713451e+00 9.443366e+01 6.713451e+00 1.509235e+18 4.189088e+16
    4017 9.548622e+01 2.159316e+00 9.548622e+01 2.159316e+00 1.056020e+18 3.551781e+16
    4062 9.536704e+01 6.590156e-01 9.536704e+01 6.590156e-01 1.510722e+18 4.245881e+16
    4063 9.428103e+01 6.928066e+00 9.428103e+01 6.928066e+00 1.503270e+18 4.175750e+16
    4064 9.537004e+01 6.390834e-01 9.537004e+01 6.390834e-01 3.516235e+17 2.043770e+16
    4065 9.463807e+01 5.597072e+00 9.463807e+01 5.597072e+00 1.511498e+18 4.208358e+16
    4068 9.531017e+01 6.707806e-01 9.531017e+01 6.707806e-01 1.522577e+18 4.265743e+16
    4091 9.226275e+01 1.155570e+01 9.226275e+01 1.155570e+01 6.789923e+17 2.740190e+16
    4092 9.513799e+01 3.539007e+00 9.513799e+01 3.539007e+00 6.848719e+17 2.848692e+16
    4093 9.488404e+01 4.394132e+00 9.488404e+01 4.394132e+00 6.846599e+17 2.842896e+16
    4094 9.496534e+01 4.437902e+00 9.496534e+01 4.437902e+00 6.839503e+17 2.839949e+16
    4267 9.495670e+01 4.997476e+00 9.495670e+01 4.997476e+00 1.431257e+18 4.107789e+16
    4268 9.419162e+01 7.519386e+00 9.419162e+01 7.519386e+00 6.525907e+17 2.743043e+16
    4269 9.555684e+01 7.084516e-01 9.555684e+01 7.084516e-01 5.661596e+17 2.605961e+16
    3951 4.010029e+01 8.195576e-01 4.010029e+01 8.195576e-01 1.150552e+18 2.403250e+16
    3952 4.000920e+01 1.392694e+00 4.000920e+01 1.392694e+00 8.299911e+17 2.035907e+16
    3953 4.001637e+01 1.440002e+00 4.001637e+01 1.440002e+00 8.377026e+17 2.043785e+16
    3954 4.023519e+01 2.235543e-01 4.023519e+01 2.235543e-01 3.857927e+16 4.368242e+15
    3955 4.004088e+01 1.157541e+00 4.004088e+01 1.157541e+00 8.103666e+17 2.013372e+16
    3956 3.997114e+01 1.596336e+00 3.997114e+01 1.596336e+00 1.013997e+18 2.248337e+16
    4018 4.022547e+01 1.450667e+00 4.022547e+01 1.450667e+00 8.133987e+17 2.022154e+16
    4019 4.019374e+01 1.094323e+00 4.019374e+01 1.094323e+00 7.622196e+17 1.956340e+16
    4020 4.025357e+01 6.143103e-01 4.025357e+01 6.143103e-01 8.105004e+17 2.022463e+16
    4021 3.997152e+01 1.914058e+00 3.997152e+01 1.914058e+00 8.417410e+17 2.047553e+16
    4022 4.007671e+01 1.273250e+00 4.007671e+01 1.273250e+00 1.012591e+18 2.251871e+16
    4023 4.003083e+01 1.650218e+00 4.003083e+01 1.650218e+00 8.697832e+17 2.082753e+16
    4024 4.009167e+01 1.563396e+00 4.009167e+01 1.563396e+00 1.045934e+18 2.287868e+16
    4069 4.004640e+01 1.737376e+00 4.004640e+01 1.737376e+00 7.727352e+17 1.962749e+16
    4070 3.993048e+01 2.566198e+00 3.993048e+01 2.566198e+00 1.999491e+17 9.947841e+15
    4071 3.996176e+01 2.041041e+00 3.996176e+01 2.041041e+00 7.839073e+17 1.974634e+16
    4076 4.033565e+01 4.199327e-01 4.033565e+01 4.199327e-01 2.379363e+17 1.097518e+16
    4270 4.000760e+01 2.118184e+00 4.000760e+01 2.118184e+00 1.211979e+18 2.455593e+16
    4271 3.993669e+01 2.290672e+00 3.993669e+01 2.290672e+00 4.681062e+17 1.521945e+16
    3919 1.180262e+02 5.997196e+00 1.180262e+02 5.997196e+00 2.520824e+18 6.085325e+16
    3920 1.175352e+02 7.595463e+00 1.175352e+02 7.595463e+00 2.564083e+18 6.115369e+16
    3923 1.008951e+02 1.481859e+01 1.008951e+02 1.481859e+01 1.273464e+18 3.907728e+16
    3924 1.121781e+02 1.272441e+01 1.121781e+02 1.272441e+01 2.348598e+18 5.646583e+16
    3925 1.149383e+02 1.394632e+01 1.149383e+02 1.394632e+01 2.238301e+18 5.557674e+16
    3926 1.164978e+02 9.473161e+00 1.164978e+02 9.473161e+00 2.517650e+18 6.004625e+16
    3927 1.157056e+02 1.062134e+01 1.157056e+02 1.062134e+01 2.513577e+18 5.971182e+16
    3928 1.164696e+02 6.875934e+00 1.164696e+02 6.875934e+00 2.517514e+18 6.035277e+16
    3929 1.153228e+02 1.002562e+01 1.153228e+02 1.002562e+01 2.479549e+18 5.920494e+16
    3930 1.156272e+02 8.631313e+00 1.156272e+02 8.631313e+00 4.482602e+17 2.513718e+16
    3931 1.149488e+02 1.119691e+01 1.149488e+02 1.119691e+01 2.819201e+18 6.291355e+16
    3932 1.165336e+02 5.275488e+00 1.165336e+02 5.275488e+00 2.656778e+18 6.210546e+16
    3933 1.155701e+02 9.321406e+00 1.155701e+02 9.321406e+00 2.768056e+18 6.271629e+16
    3934 1.158695e+02 8.868570e+00 1.158695e+02 8.868570e+00 3.014013e+18 6.555301e+16
    3935 1.137689e+02 1.404161e+01 1.137689e+02 1.404161e+01 1.690145e+18 4.811342e+16
    3936 1.162252e+02 7.614838e+00 1.162252e+02 7.614838e+00 2.359048e+18 5.825255e+16
    3938 1.169843e+02 5.653912e-01 1.169843e+02 5.653912e-01 2.580038e+17 1.933820e+16
    3939 1.165236e+02 5.510792e+00 1.165236e+02 5.510792e+00 2.558177e+18 6.094354e+16
    3940 1.159941e+02 7.817493e+00 1.159941e+02 7.817493e+00 2.477023e+18 5.962242e+16
    3941 1.165814e+02 5.461503e+00 1.165814e+02 5.461503e+00 2.571233e+18 6.118515e+16
    3942 1.166930e+02 4.324918e+00 1.166930e+02 4.324918e+00 2.252580e+18 5.728955e+16
    3943 1.166073e+02 5.669528e+00 1.166073e+02 5.669528e+00 2.555174e+18 6.094121e+16
    3944 1.166505e+02 5.249653e+00 1.166505e+02 5.249653e+00 3.394455e+18 7.023177e+16
    3945 1.168744e+02 3.626992e+00 1.168744e+02 3.626992e+00 2.730230e+18 6.316999e+16
    3946 1.163892e+02 6.456676e+00 1.163892e+02 6.456676e+00 2.607098e+18 6.141578e+16
    3947 1.171518e+02 5.960633e-01 1.171518e+02 5.960633e-01 2.648874e+18 6.239991e+16
    3948 1.157754e+02 9.336338e+00 1.157754e+02 9.336338e+00 3.140058e+18 6.694627e+16
    3978 9.550207e+01 2.956046e+01 9.550207e+01 2.956046e+01 1.228848e+17 1.094745e+16
    3979 1.038795e+02 1.686436e+01 1.038795e+02 1.686436e+01 9.159286e+16 1.037085e+16
    3980 1.042036e+02 1.638370e+01 1.042036e+02 1.638370e+01 1.641324e+17 1.417888e+16
    3981 7.164188e+01 2.147522e+01 7.164188e+01 2.147522e+01 2.803300e+16 4.672166e+15
    3982 8.793184e+01 1.361944e+01 8.793184e+01 1.361944e+01 3.189963e+17 1.823581e+16
    3983 1.120931e+02 1.415341e+01 1.120931e+02 1.415341e+01 1.893925e+18 5.058117e+16
    3984 1.169866e+02 5.400317e+00 1.169866e+02 5.400317e+00 2.440179e+18 5.956974e+16
    3985 1.142398e+02 1.346984e+01 1.142398e+02 1.346984e+01 2.234507e+18 5.544837e+16
    3986 1.145278e+02 1.268984e+01 1.145278e+02 1.268984e+01 1.430597e+18 4.453253e+16
    3987 1.156538e+02 1.127351e+01 1.156538e+02 1.127351e+01 2.064292e+18 5.395112e+16
    3988 1.161913e+02 9.317215e+00 1.161913e+02 9.317215e+00 2.798177e+18 6.320437e+16
    3989 1.170913e+02 4.205762e+00 1.170913e+02 4.205762e+00 2.789729e+18 6.386645e+16
    3990 1.157710e+02 9.920287e+00 1.157710e+02 9.920287e+00 2.841636e+18 6.357271e+16
    3991 1.172757e+02 6.563410e-01 1.172757e+02 6.563410e-01 6.313688e+17 3.044731e+16
    3992 1.174190e+02 5.804095e-01 1.174190e+02 5.804095e-01 2.940968e+16 6.576203e+15
    3993 1.172515e+02 3.333241e+00 1.172515e+02 3.333241e+00 2.995182e+18 6.624953e+16
    3994 1.163031e+02 8.305285e+00 1.163031e+02 8.305285e+00 2.894933e+18 6.450729e+16
    3995 1.144260e+02 1.311187e+01 1.144260e+02 1.311187e+01 2.913461e+18 6.342610e+16
    3996 1.133908e+02 1.511990e+01 1.133908e+02 1.511990e+01 1.001900e+18 3.693054e+16
    3997 1.162787e+02 8.740975e+00 1.162787e+02 8.740975e+00 2.955119e+18 6.504594e+16
    3998 1.164774e+02 8.089453e+00 1.164774e+02 8.089453e+00 2.038087e+18 5.412333e+16
    4000 1.145773e+02 1.285719e+01 1.145773e+02 1.285719e+01 2.798301e+18 6.219983e+16
    4001 1.131398e+02 1.561782e+01 1.131398e+02 1.561782e+01 2.795267e+18 6.120208e+16
    4002 1.111214e+02 1.891601e+01 1.111214e+02 1.891601e+01 1.116162e+17 1.203589e+16
    4003 1.157480e+02 1.078900e+01 1.157480e+02 1.078900e+01 3.352486e+18 6.886408e+16
    4004 1.179558e+02 1.003287e+01 1.179558e+02 1.003287e+01 2.260522e+18 5.719633e+16
    4005 1.201498e+02 6.203094e+00 1.201498e+02 6.203094e+00 2.259506e+18 5.810823e+16
    4006 1.198821e+02 7.397867e+00 1.198821e+02 7.397867e+00 2.241687e+18 5.768814e+16
    4007 1.191723e+02 9.210725e+00 1.191723e+02 9.210725e+00 2.678338e+18 6.271233e+16
    4008 1.196862e+02 7.681842e+00 1.196862e+02 7.681842e+00 3.080091e+18 6.756796e+16
    4009 1.189088e+02 9.783823e+00 1.189088e+02 9.783823e+00 2.580489e+18 6.137066e+16
    4010 1.170359e+02 1.199728e+01 1.170359e+02 1.199728e+01 1.851196e+18 5.122487e+16
    4011 1.183739e+02 8.487260e+00 1.183739e+02 8.487260e+00 1.927438e+18 5.305098e+16
    4012 1.178599e+02 1.000750e+01 1.178599e+02 1.000750e+01 1.874457e+18 5.206825e+16
    4026 1.191227e+02 9.424714e+00 1.191227e+02 9.424714e+00 2.457756e+18 5.999883e+16
    4027 1.198330e+02 7.144947e+00 1.198330e+02 7.144947e+00 2.504497e+18 6.095849e+16
    4028 1.190289e+02 1.032081e+01 1.190289e+02 1.032081e+01 2.557174e+18 6.109326e+16
    4029 1.200664e+02 6.961860e+00 1.200664e+02 6.961860e+00 2.845745e+18 6.514886e+16
    4030 1.204364e+02 5.472565e+00 1.204364e+02 5.472565e+00 2.962726e+18 6.664968e+16
    4031 1.193735e+02 8.794091e+00 1.193735e+02 8.794091e+00 2.721860e+18 6.335047e+16
    4032 1.200099e+02 5.884893e+00 1.200099e+02 5.884893e+00 2.522491e+18 6.139648e+16
    4033 1.196117e+02 7.665576e+00 1.196117e+02 7.665576e+00 2.857081e+18 6.506823e+16
    4034 1.186645e+02 1.105070e+01 1.186645e+02 1.105070e+01 2.217050e+18 5.664298e+16
    4035 1.194511e+02 8.282129e+00 1.194511e+02 8.282129e+00 1.385755e+18 4.534328e+16
    4036 1.206349e+02 5.818825e-01 1.206349e+02 5.818825e-01 2.659751e+18 6.343539e+16
    4037 1.192837e+02 9.247459e+00 1.192837e+02 9.247459e+00 2.647905e+18 6.237707e+16
    4038 1.190537e+02 1.034242e+01 1.190537e+02 1.034242e+01 2.107839e+18 5.546946e+16
    4046 1.198805e+02 5.493819e+00 1.198805e+02 5.493819e+00 1.396119e+18 4.568242e+16
    4048 1.175630e+02 1.267420e+01 1.175630e+02 1.267420e+01 1.387649e+18 4.437213e+16
    4049 1.179472e+02 1.299495e+01 1.179472e+02 1.299495e+01 1.355043e+18 4.382521e+16
    4050 1.184914e+02 1.125883e+01 1.184914e+02 1.125883e+01 1.381718e+18 4.464130e+16
    4051 1.161207e+02 1.589100e+01 1.161207e+02 1.589100e+01 1.365406e+18 4.330803e+16
    4052 1.086253e+02 2.086638e+01 1.086253e+02 2.086638e+01 1.358577e+18 4.092546e+16
    4053 9.445520e+01 2.004543e+01 9.445520e+01 2.004543e+01 1.363416e+18 3.834908e+16
    4054 1.086132e+02 1.249532e+01 1.086132e+02 1.249532e+01 1.391243e+18 4.297564e+16
    4055 1.083376e+02 1.661850e+01 1.083376e+02 1.661850e+01 2.062497e+18 5.124315e+16
    4056 1.081771e+02 1.205581e+01 1.081771e+02 1.205581e+01 8.962051e+17 3.421727e+16
    4057 1.094277e+02 1.101043e+01 1.094277e+02 1.101043e+01 2.099256e+18 5.298044e+16
    4058 1.183221e+02 1.004415e+01 1.183221e+02 1.004415e+01 1.918002e+18 5.275133e+16
    4059 1.191966e+02 8.984022e+00 1.191966e+02 8.984022e+00 2.083291e+18 5.524592e+16
    4060 1.173922e+02 1.006534e+01 1.173922e+02 1.006534e+01 2.077015e+18 5.473416e+16
    4061 1.186255e+02 6.819713e-01 1.186255e+02 6.819713e-01 2.081124e+18 5.566016e+16
    4074 1.156902e+02 1.483076e+01 1.156902e+02 1.483076e+01 1.740449e+18 4.914875e+16
    4075 1.176127e+02 7.679357e+00 1.176127e+02 7.679357e+00 1.790778e+18 5.106098e+16
    4081 1.145934e+02 8.077691e+00 1.145934e+02 8.077691e+00 9.855266e+17 3.735629e+16
    4082 1.135258e+02 1.050208e+01 1.135258e+02 1.050208e+01 9.588859e+17 3.661043e+16
    4083 1.123639e+02 1.297883e+01 1.123639e+02 1.297883e+01 9.518045e+17 3.602633e+16
    4084 1.113253e+02 1.525882e+01 1.113253e+02 1.525882e+01 9.529132e+17 3.571193e+16
    4085 1.081728e+02 1.953152e+01 1.081728e+02 1.953152e+01 9.416459e+17 3.447611e+16
    4086 1.038303e+02 2.388898e+01 1.038303e+02 2.388898e+01 5.937815e+17 2.634479e+16
    4087 1.092546e+02 1.769080e+01 1.092546e+02 1.769080e+01 7.791244e+17 3.170212e+16
    4088 1.141039e+02 8.522098e+00 1.141039e+02 8.522098e+00 7.971838e+17 3.356749e+16
    4089 1.153148e+02 6.635939e-01 1.153148e+02 6.635939e-01 2.085696e+17 1.738080e+16
    4090 1.153008e+02 3.440276e+00 1.153008e+02 3.440276e+00 8.180817e+17 3.432595e+16
    4251 1.189026e+02 7.644754e+00 1.189026e+02 7.644754e+00 2.340176e+18 5.872503e+16
    4252 1.184317e+02 6.553443e+00 1.184317e+02 6.553443e+00 2.628193e+18 6.218943e+16
    4253 1.171187e+02 1.127272e+01 1.171187e+02 1.127272e+01 2.280527e+18 5.704883e+16
    4254 1.193545e+02 6.942125e-01 1.193545e+02 6.942125e-01 2.656058e+18 6.306099e+16
    4255 1.174356e+02 1.078664e+01 1.174356e+02 1.078664e+01 2.362103e+18 5.822158e+16
    4256 1.046109e+02 2.605753e+01 1.046109e+02 2.605753e+01 9.942514e+17 3.363106e+16
    4257 1.176659e+02 9.958780e+00 1.176659e+02 9.958780e+00 2.462890e+18 5.966371e+16
    4261 1.180578e+02 9.060369e+00 1.180578e+02 9.060369e+00 2.501372e+18 6.034852e+16
    4262 1.180924e+02 8.800927e+00 1.180924e+02 8.800927e+00 2.558385e+18 6.115710e+16
    4263 1.176063e+02 1.048995e+01 1.176063e+02 1.048995e+01 2.528281e+18 6.033413e+16
    4264 1.168435e+02 1.204973e+01 1.168435e+02 1.204973e+01 2.509462e+18 5.971524e+16
    4265 1.171893e+02 8.661896e+00 1.171893e+02 8.661896e+00 2.507839e+18 6.019007e+16
    4266 1.169025e+02 9.672151e+00 1.169025e+02 9.672151e+00 2.508419e+18 5.999699e+16
    4275 1.085560e+02 1.050214e+01 1.085560e+02 1.050214e+01 2.466251e+18 5.715411e+16
    4276 1.100049e+02 4.091984e+00 1.100049e+02 4.091984e+00 2.370507e+18 5.702554e+16
    4295 1.096574e+02 5.979230e+00 1.096574e+02 5.979230e+00 2.270737e+18 5.569950e+16
    4296 1.102223e+02 1.623295e+00 1.102223e+02 1.623295e+00 2.260239e+18 5.584668e+16
    4297 1.103371e+02 8.849818e-01 1.103371e+02 8.849818e-01 4.320140e+17 2.437996e+16
    4298 8.563828e+01 3.291181e+01 8.563828e+01 3.291181e+01 3.718016e+17 1.752690e+16
    4299 1.145463e+02 1.291792e+01 1.145463e+02 1.291792e+01 1.113498e+18 3.922129e+16
    4079 0.000000e+00 0.000000e+00 0.000000e+00 0.000000e+00 0.000000e+00         -0
    3624 9.942828e+01 7.115497e+00 9.942828e+01 7.115497e+00 3.822234e+17 2.163914e+16
    3625 9.239782e+01 1.208805e+01 9.239782e+01 1.208805e+01 3.121154e+17 1.871944e+16
    3626 9.541684e+01 5.175471e-01 9.541684e+01 5.175471e-01 3.738723e+17 2.116635e+16
    3627 9.436786e+01 7.444812e+00 9.436786e+01 7.444812e+00 3.512133e+17 2.014346e+16
    3628 8.029061e+01 5.151350e-01 8.029061e+01 5.151350e-01 3.067297e+17 1.747755e+16
    3629 6.027498e+01 4.334994e-01 6.027498e+01 4.334994e-01 2.418214e+17 1.347618e+16
    3630 4.482199e+01 3.374284e+00 4.482199e+01 3.374284e+00 1.916547e+17 1.033333e+16
    3632 3.016518e+01 2.428202e-01 3.016518e+01 2.428202e-01 1.203429e+17 6.748492e+15
    3633 1.512278e+01 3.709594e-01 1.512278e+01 3.709594e-01 5.817036e+16 3.314564e+15
    3634 1.506683e+01 4.503659e-01 1.506683e+01 4.503659e-01 3.049688e+16 2.381406e+15
    3862 8.510551e+01 1.872589e+01 8.510551e+01 1.872589e+01 5.552131e+16 7.419347e+15
    3863 9.224920e+01 1.032978e+01 9.224920e+01 1.032978e+01 2.252491e+17 1.584847e+16
    3864 9.466104e+01 4.168089e-01 9.466104e+01 4.168089e-01 2.325547e+17 1.661105e+16
    3865 9.460666e+01 4.256935e-01 9.460666e+01 4.256935e-01 2.373978e+17 1.670325e+16
    3867 7.968514e+01 4.429737e-01 7.968514e+01 4.429737e-01 2.049595e+17 1.421138e+16
    3868 5.970315e+01 2.727499e-01 5.970315e+01 2.727499e-01 5.251900e+16 6.189423e+15
    3869 5.977177e+01 6.802511e-01 5.977177e+01 6.802511e-01 1.770915e+17 1.147914e+16
    3870 3.959365e+01 1.999978e+00 3.959365e+01 1.999978e+00 1.528443e+17 8.653106e+15
    3871 2.007742e+01 2.880999e-01 2.007742e+01 2.880999e-01 8.140710e+16 4.508722e+15
    3875 3.981347e+01 2.077443e+00 3.981347e+01 2.077443e+00 1.616598e+17 8.953506e+15
    3876 4.012746e+01 3.198138e-01 4.012746e+01 3.198138e-01 2.973445e+17 1.220019e+16
    3877 4.016415e+01 2.271816e-01 4.016415e+01 2.271816e-01 1.494145e+17 8.626449e+15
    3878 4.004618e+01 1.746138e+00 4.004618e+01 1.746138e+00 1.374861e+17 8.275692e+15
    3880 3.996925e+01 1.964568e+00 3.996925e+01 1.964568e+00 9.219632e+16 6.688624e+15
    3881 3.967370e+01 1.333088e+00 3.967370e+01 1.333088e+00 1.294356e+17 7.996561e+15
    3882 3.984721e+01 2.540488e-01 3.984721e+01 2.540488e-01 2.257035e+17 1.061620e+16
    3888 4.003806e+01 2.437423e-01 4.003806e+01 2.437423e-01 2.994313e+17 1.224466e+16
    3883 4.000459e+01 3.045802e-01 4.000459e+01 3.045802e-01 1.563463e+17 8.851364e+15
    3884 3.940962e+01 2.640111e+00 3.940962e+01 2.640111e+00 7.962542e+16 6.180131e+15
    3885 3.994275e+01 3.326622e-01 3.994275e+01 3.326622e-01 6.278128e+16 5.593001e+15
    3886 4.029698e+01 2.850005e-01 4.029698e+01 2.850005e-01 9.280749e+16 6.804975e+15
    3887 3.996812e+01 1.800609e-01 3.996812e+01 1.800609e-01 3.471560e+17 1.319689e+16
    3874 3.965052e+01 2.218282e+00 3.965052e+01 2.218282e+00 2.850989e+17 1.185855e+16
    3872 4.020238e+01 1.824655e-01 4.020238e+01 1.824655e-01 2.425269e+16 3.500574e+15
    3873 3.973200e+01 2.065804e+00 3.973200e+01 2.065804e+00 2.682865e+17 1.150269e+16
    3635 6.040451e+01 4.387432e-01 6.040451e+01 4.387432e-01 3.979365e+16 5.317650e+15
    3636 1.509893e+01 3.594166e-01 1.509893e+01 3.594166e-01 2.278776e+16 2.046401e+15
    3637 1.513463e+01 2.253375e-01 1.513463e+01 2.253375e-01 1.675535e+17 5.629070e+15
    3638 3.014394e+01 1.229787e+00 3.014394e+01 1.229787e+00 1.142080e+17 6.550276e+15
    3639 4.527459e+01 3.766816e-01 4.527459e+01 3.766816e-01 1.755162e+17 9.936647e+15
    3846 1.179608e+02 5.809761e-01 1.179608e+02 5.809761e-01 8.624910e+16 1.113471e+16
    3848 1.130545e+02 3.766846e+00 1.130545e+02 3.766846e+00 1.083387e+17 1.226695e+16
    3849 1.180317e+02 4.412366e-01 1.180317e+02 4.412366e-01 3.608829e+17 2.310316e+16
    3852 1.179705e+02 5.637992e-01 1.179705e+02 5.637992e-01 3.415008e+17 2.242062e+16
    3853 1.148101e+02 1.357504e+01 1.148101e+02 1.357504e+01 3.278005e+17 2.124815e+16
    3854 1.180841e+02 4.991208e-01 1.180841e+02 4.991208e-01 2.934948e+17 2.085777e+16
    3855 9.978803e+01 5.168663e-01 9.978803e+01 5.168663e-01 2.615707e+17 1.796475e+16
    3856 8.016356e+01 4.094828e-01 8.016356e+01 4.094828e-01 2.379633e+17 1.542487e+16
    3857 5.723408e+01 8.692670e+00 5.723408e+01 8.692670e+00 7.038712e+16 6.902025e+15
    3859 4.002318e+01 2.333215e-01 4.002318e+01 2.333215e-01 2.210519e+17 1.051437e+16
    3860 2.004387e+01 2.210140e-01 2.004387e+01 2.210140e-01 1.122193e+17 5.301865e+15
    3861 1.995704e+01 1.533139e-01 1.995704e+01 1.533139e-01 6.522453e+16 4.045054e+15
    3607 8.682747e+01 2.059654e+01 8.682747e+01 2.059654e+01 1.858213e+17 1.341049e+16
    3608 1.001383e+02 4.257892e+00 1.001383e+02 4.257892e+00 1.432925e+17 1.330438e+16
    3609 1.005426e+02 7.117732e-01 1.005426e+02 7.117732e-01 1.161496e+17 1.197991e+16
    3611 9.560978e+01 4.535883e-01 9.560978e+01 4.535883e-01 9.831278e+16 1.072680e+16
    3612 9.540406e+01 6.448638e-01 9.540406e+01 6.448638e-01 3.986907e+17 2.175036e+16
    3613 9.239671e+01 1.191818e+01 9.239671e+01 1.191818e+01 2.540496e+17 1.682484e+16
    3614 9.301383e+01 1.005374e+01 9.301383e+01 1.005374e+01 3.194750e+17 1.902446e+16
    3616 9.277749e+01 1.042597e+01 9.277749e+01 1.042597e+01 3.357443e+17 1.944914e+16
    3617 7.930898e+01 6.269411e+00 7.930898e+01 6.269411e+00 3.811062e+17 1.924877e+16
    3618 5.882149e+01 6.785761e+00 5.882149e+01 6.785761e+00 1.975912e+17 1.185073e+16
    3619 4.518788e+01 3.632903e-01 4.518788e+01 3.632903e-01 1.640162e+17 9.631364e+15
    3621 3.003805e+01 1.331355e+00 3.003805e+01 1.331355e+00 1.186220e+17 6.631170e+15
    3622 1.515285e+01 1.117739e-01 1.515285e+01 1.117739e-01 8.961418e+16 4.124827e+15
    3622 1.515285e+01 1.117739e-01 1.515285e+01 1.117739e-01 8.961418e+16 4.124827e+15
