4 18.0000 0.450 0.949848 0.954102 0.945632
4 18.0000 0.483 0.935191 0.93915 0.931266
4 18.0000 0.517 0.921999 0.926013 0.918019
4 18.0000 0.550 0.927902 0.932332 0.923514
4 18.0000 0.583 0.91617 0.920993 0.911398
4 18.0000 0.617 0.918442 0.923908 0.913041
4 18.0000 0.650 0.930492 0.93718 0.9239
4 18.0000 0.683 0.940999 0.946949 0.935124
4 18.0000 0.717 0.951203 0.957098 0.945381
4 18.0000 0.750 0.951746 0.957782 0.945786
4 18.0000 0.783 0.954927 0.961243 0.948695
4 18.0000 0.817 0.967212 0.97411 0.96041
4 18.0000 0.850 0.985513 0.993148 0.977995
4 18.0000 0.883 0.965158 0.973104 0.95734
4 18.0000 0.917 0.905961 0.913709 0.898344
4 18.0000 0.950 0.789328 0.796425 0.782357
4 18.0000 0.983 0.714286 0.721083 0.707615
4 18.0000 1.017 0.688895 0.696052 0.681884
4 18.0000 1.050 0.702691 0.710952 0.694621
4 18.0000 1.083 0.760688 0.770869 0.750772
4 18.0000 1.117 0.874508 0.888234 0.8612
4 18.0000 1.150 0.986485 1.00486 0.968766
4 18.0000 1.183 1.09585 1.12033 1.07243
4 18.0000 1.217 1.16073 1.19286 1.13028
4 18.0000 1.250 1.27645 1.28293 1.27004
4 18.0000 1.283 1.35157 1.35925 1.34398
4 18.0000 1.317 1.42609 1.43526 1.41703
4 18.0000 1.350 1.49385 1.50479 1.48307
4 18.0000 1.383 1.53697 1.54965 1.5245
4 18.0000 1.417 1.59528 1.61022 1.58061
4 18.0000 1.450 1.61205 1.62913 1.59532
4 18.0000 1.483 1.65906 1.67924 1.63936
4 18.0000 1.517 1.67015 1.69276 1.64813
4 18.0000 1.550 1.71406 1.74039 1.68852
4 18.0000 1.583 1.7113 1.74084 1.68276
4 18.0000 1.617 1.68953 1.72213 1.65815
4 18.0000 1.650 1.69431 1.73021 1.65988
4 18.0000 1.683 1.71872 1.7589 1.68033
4 18.0000 1.717 1.79469 1.84192 1.74981
4 18.0000 1.750 1.70663 1.75616 1.65981
4 18.0000 1.783 1.6258 1.67613 1.57841
4 18.0000 1.817 1.73747 1.79836 1.68056
4 18.0000 1.850 1.75525 1.82173 1.69345
4 18.0000 1.883 1.78642 1.86399 1.71505
4 18.0000 1.917 1.7623 1.843 1.68838
4 18.0000 1.950 1.72292 1.81191 1.64226
4 18.0000 1.983 1.73735 1.83661 1.64826
4 18.0000 2.017 1.64034 1.73899 1.55228
4 18.0000 2.050 1.8687 2.00987 1.74607
4 18.0000 2.083 2.00711 2.16975 1.86714
4 18.0000 2.117 2.28045 2.51816 2.08375
4 18.0000 2.150 2.06313 2.27541 1.88708
4 18.0000 2.183 1.95438 2.21076 1.75129
4 18.0000 2.217 2.3566 2.68788 2.09802
4 18.0000 2.250 2.50928 2.96409 2.17548
4 18.0000 2.283 3.11052 3.80316 2.6313
4 18.0000 2.317 2.56562 3.06726 2.20499
4 18.0000 2.350 2.89377 3.63499 2.40364
4 18.0000 2.383 5.15943 8.49026 3.70565
4 18.0000 2.417 2.52519 3.29397 2.04736
4 18.0000 2.450 3.13332 4.408 2.43049
4 18.0000 2.483 3.78515 5.76326 2.81796
4 18.0000 2.517 4.1159 8.90869 2.67616
4 18.0000 2.550 2.84269 4.71365 2.03496
4 18.0000 2.583 3.96401 10.4592 2.44541
4 18.0000 2.617 2.82709 4.87234 1.99124
4 18.0000 2.650 3.37655 11.4679 1.97973
4 18.0000 2.683 -30.8661 4.45391 -3.4564
4 18.0000 2.717 28.5339 -3.69585 2.93543
4 18.0000 2.750 -22.9927 3.929 -2.92824
4 18.0000 2.784 11.1626 -6.95048 3.09554
4 18.0000 2.817 3.13322 7.35889 1.99033
4 18.0000 2.850 -4.2337 25.7666 -1.95614
4 18.0000 2.883 1.31113 3.79824 0.792318
4 18.0000 2.917 14.073 -6.25696 3.31194
4 18.0000 2.950 56.3 513.347 29.7832
4 18.0000 2.983 71.7103 -5882.35 35.6379
4 22.0000 0.550 0.911743 0.916657 0.906882
4 22.0000 0.583 0.910084 0.914801 0.905415
4 22.0000 0.617 0.908265 0.913203 0.903381
4 22.0000 0.650 0.892459 0.897834 0.887148
4 22.0000 0.683 0.90629 0.912448 0.900214
4 22.0000 0.717 0.903098 0.910066 0.896236
4 22.0000 0.750 0.922679 0.931262 0.914253
4 22.0000 0.783 0.932662 0.938941 0.926466
4 22.0000 0.817 0.944822 0.951059 0.938667
4 22.0000 0.850 0.965997 0.972525 0.959556
4 22.0000 0.883 0.971345 0.978181 0.964605
4 22.0000 0.917 0.924471 0.931473 0.917573
4 22.0000 0.950 0.840266 0.847153 0.833489
4 22.0000 0.983 0.755059 0.761804 0.748432
4 22.0000 1.017 0.723118 0.730291 0.716085
4 22.0000 1.050 0.764935 0.773539 0.756521
4 22.0000 1.083 0.82203 0.832974 0.811371
4 22.0000 1.117 0.950751 0.965947 0.936026
4 22.0000 1.150 1.03444 1.0544 1.01521
4 22.0000 1.183 1.08791 1.11368 1.06332
4 22.0000 1.217 1.23425 1.27029 1.2002
4 22.0000 1.250 1.31827 1.33607 1.30093
4 22.0000 1.283 1.39665 1.41779 1.37613
4 22.0000 1.317 1.46983 1.49479 1.44569
4 22.0000 1.350 1.54128 1.57164 1.51208
4 22.0000 1.383 1.57632 1.61215 1.54204
4 22.0000 1.417 1.64414 1.68826 1.60227
4 22.0000 1.450 1.62925 1.67799 1.58326
4 22.0000 1.483 1.67616 1.73676 1.61965
4 22.0000 1.517 1.65942 1.72617 1.59764
4 22.0000 1.550 1.56495 1.63747 1.49857
4 22.0000 1.583 1.68722 1.77925 1.60424
4 22.0000 1.617 1.82425 1.93982 1.72168
4 22.0000 1.650 1.83915 1.97497 1.72081
4 22.0000 1.683 1.89487 2.06089 1.75361
4 22.0000 1.717 1.98102 2.16274 1.82748
4 22.0000 1.750 1.63942 1.80523 1.50151
4 22.0000 1.783 2.00248 2.25728 1.79938
4 22.0000 1.817 1.82745 2.09213 1.62222
4 22.0000 1.850 2.08642 2.45395 1.81464
4 22.0000 1.883 2.38271 2.90582 2.01921
4 22.0000 1.917 2.02642 2.53726 1.68681
4 22.0000 1.950 1.8206 2.28035 1.51513
4 22.0000 1.983 2.85111 3.86406 2.25894
4 22.0000 2.017 2.89377 4.30979 2.17813
4 22.0000 2.050 1.95335 2.7508 1.51435
4 22.0000 2.083 1.65369 2.40547 1.25992
4 22.0000 2.116 3.89332 87.4891 1.99096
4 22.0000 2.150 3.12842 15.3563 1.74161
4 22.0000 2.183 2.16025 4.25804 1.44724
4 22.0000 2.217 3.97283 13.8102 2.32013
4 22.0000 2.250 1.3231 3.37223 0.823005
4 22.0000 2.283 2.113 719.424 1.05806
4 22.0000 2.317 2.81397 28.9687 1.47881
4 22.0000 2.350 2.23894 -2.27925 0.750739
4 22.0000 2.383 -3.3184 1.76498 -0.855227
4 22.0000 2.417 3.48493 -6.90417 1.39132
4 22.0000 2.450 0.589136 -6.09385 0.280986
4 22.0000 2.483 -8.47961 2.13579 -1.42031
4 22.0000 2.517 0.521921 65.3595 0.262006
4 22.0000 2.550 -2.0842 1.93521 -0.677351
4 22.0000 2.583 6.09682 -3.50717 1.63087
4 22.0000 2.616 -0.984834 0.361415 -0.208433
4 22.0000 2.650 -0.155248 0.0209434 -0.0164934
4 22.0000 2.683 0.178466 -0.0295197 0.0221817
4 22.0000 2.717 -6.12895 0.707644 -0.574891
4 22.0000 2.750 6.2751 -6.43542 2.10922
4 22.0000 2.783 2.15499 -5.68764 0.905879
4 22.0000 2.817 -1.16999 0.428892 -0.247463
4 22.0000 2.917 -1.03806 0.572488 -0.272224
4 26.0000 0.650 0.888573 0.894222 0.882995
4 26.0000 0.683 0.88881 0.894458 0.883233
4 26.0000 0.717 0.874432 0.880488 0.868458
4 26.0000 0.750 0.888652 0.89573 0.881685
4 26.0000 0.783 0.907276 0.915532 0.899168
4 26.0000 0.817 0.927816 0.937523 0.918307
4 26.0000 0.850 0.939408 0.951367 0.927746
4 26.0000 0.883 0.956663 0.962931 0.950476
4 26.0000 0.917 0.924556 0.930426 0.91876
4 26.0000 0.950 0.877116 0.88278 0.871524
4 26.0000 0.983 0.802504 0.807925 0.797155
4 26.0000 1.017 0.752615 0.758384 0.746934
4 26.0000 1.050 0.789328 0.796482 0.782302
4 26.0000 1.083 0.860363 0.869829 0.851101
4 26.0000 1.117 0.970309 0.983999 0.956994
4 26.0000 1.150 1.07497 1.09381 1.05676
4 26.0000 1.183 1.18167 1.20806 1.15641
4 26.0000 1.217 1.31404 1.35248 1.27773
4 26.0000 1.250 1.42678 1.47927 1.37788
4 26.0000 1.283 1.41551 1.47855 1.35762
4 26.0000 1.317 1.56104 1.65526 1.47696
4 26.0000 1.350 1.5875 1.67248 1.51074
4 26.0000 1.383 1.6204 1.72066 1.53118
4 26.0000 1.417 1.77302 1.89823 1.6633
4 26.0000 1.450 1.72548 1.85632 1.61187
4 26.0000 1.483 1.62261 1.77516 1.49421
4 26.0000 1.517 1.57898 1.74073 1.44473
4 26.0000 1.550 1.55904 1.74023 1.41203
4 26.0000 1.583 2.02955 2.37182 1.77361
4 26.0000 1.617 1.67926 1.99204 1.45137
4 26.0000 1.650 2.21259 2.76167 1.84563
4 26.0000 1.683 1.3064 1.58778 1.10974
4 26.0000 1.717 2.10881 2.96525 1.63623
4 26.0000 1.750 2.4263 3.63808 1.82007
4 26.0000 1.783 1.69627 2.26557 1.35562
4 26.0000 1.817 1.36977 1.92016 1.06461
4 26.0000 1.850 1.50231 2.20206 1.14004
4 26.0000 1.883 1.71869 2.89721 1.22172
4 26.0000 1.917 8.19001 -4.67246 2.18236
4 26.0000 1.950 1.28093 3.37166 0.790658
4 26.0000 1.983 1.55137 11.8092 0.83022
4 26.0000 2.017 -9.11577 0.977995 -0.805218
4 26.0000 2.050 3.12129 -14.9031 1.41271
4 26.0000 2.083 -1.14029 -56.6251 -0.575944
4 26.0000 2.117 2.12866 -2.37349 0.734819
4 26.0000 2.150 -9.48227 2.55872 -1.66185
4 26.0000 2.183 3.18735 -3.34348 1.07925
4 26.0000 2.250 3.36689 -0.416443 0.333855
4 26.0000 2.283 -0.149571 0.0205486 -0.0161195
4 26.0000 2.450 -0.514456 0.0351702 -0.0309398
9 18.0000 0.450 0.942951 0.947005 0.938933
9 18.0000 0.483 0.919794 0.923532 0.916086
9 18.0000 0.517 0.907523 0.911313 0.903765
9 18.0000 0.550 0.907771 0.911935 0.903644
9 18.0000 0.583 0.892857 0.897374 0.888386
9 18.0000 0.617 0.887469 0.89255 0.882445
9 18.0000 0.650 0.889363 0.895512 0.883298
9 18.0000 0.683 0.928764 0.933822 0.92376
9 18.0000 0.717 0.936593 0.941611 0.931628
9 18.0000 0.750 0.951656 0.956865 0.946503
9 18.0000 0.783 0.939055 0.94442 0.933752
9 18.0000 0.817 0.951384 0.957253 0.945587
9 18.0000 0.850 0.952835 0.959238 0.946517
9 18.0000 0.883 0.932314 0.938973 0.925748
9 18.0000 0.917 0.839842 0.846122 0.833654
9 18.0000 0.950 0.727061 0.732733 0.721477
9 18.0000 0.983 0.643294 0.648608 0.638066
9 18.0000 1.017 0.611284 0.616787 0.605878
9 18.0000 1.050 0.668986 0.675715 0.662389
9 18.0000 1.083 0.72759 0.735978 0.719392
9 18.0000 1.117 0.844096 0.855597 0.832899
9 18.0000 1.150 0.965158 0.980844 0.949965
9 18.0000 1.183 1.08002 1.10121 1.05963
9 18.0000 1.217 1.17237 1.2008 1.14526
9 18.0000 1.250 1.34072 1.34788 1.33363
9 18.0000 1.283 1.45482 1.46345 1.4463
9 18.0000 1.317 1.53008 1.54028 1.52001
9 18.0000 1.350 1.61215 1.62437 1.60011
9 18.0000 1.383 1.66317 1.67732 1.64926
9 18.0000 1.417 1.73061 1.74735 1.71419
9 18.0000 1.450 1.7325 1.75141 1.714
9 18.0000 1.483 1.80349 1.82597 1.78156
9 18.0000 1.517 1.84471 1.87034 1.81978
9 18.0000 1.550 1.84567 1.8748 1.81743
9 18.0000 1.583 1.87108 1.90421 1.83909
9 18.0000 1.617 1.83523 1.8714 1.80044
9 18.0000 1.650 1.92597 1.96774 1.88593
9 18.0000 1.683 1.88679 1.93208 1.84358
9 18.0000 1.717 1.87935 1.93032 1.83099
9 18.0000 1.750 1.88232 1.93812 1.82964
9 18.0000 1.783 1.78221 1.83866 1.72913
9 18.0000 1.817 1.8984 1.96636 1.83497
9 18.0000 1.850 1.88836 1.96187 1.82016
9 18.0000 1.883 1.93158 2.01744 1.85274
9 18.0000 1.917 1.87508 1.96349 1.79429
9 18.0000 1.950 1.81604 1.91257 1.72878
9 18.0000 1.983 1.91641 2.02833 1.81619
9 18.0000 2.017 1.83537 1.94846 1.73468
9 18.0000 2.050 2.27957 2.45192 2.12985
9 18.0000 2.083 2.24175 2.42672 2.08298
9 18.0000 2.117 2.6768 2.95668 2.44533
9 18.0000 2.150 2.15964 2.38698 1.97184
9 18.0000 2.183 2.4596 2.77795 2.20672
9 18.0000 2.217 2.80576 3.2007 2.49758
9 18.0000 2.250 3.25098 3.83455 2.82157
9 18.0000 2.283 3.35469 4.10929 2.83423
9 18.0000 2.317 2.39894 2.88371 2.0537
9 18.0000 2.350 3.4024 4.27601 2.8252
9 18.0000 2.383 7.11744 11.6779 5.11855
9 18.0000 2.417 3.6929 4.78934 3.00496
9 18.0000 2.450 4.96746 6.94353 3.86696
9 18.0000 2.483 4.76554 7.24522 3.55041
9 18.0000 2.517 4.98703 10.7216 3.24918
9 18.0000 2.550 4.01316 6.57843 2.88727
9 18.0000 2.583 6.90465 17.734 4.28686
9 18.0000 2.617 4.28284 7.26559 3.03633
9 18.0000 2.650 6.25195 20.0441 3.70357
9 18.0000 2.683 -87.3591 12.6134 -9.78713
9 18.0000 2.717 67.3174 -8.72486 6.92881
9 18.0000 2.750 -46.1958 7.90183 -5.88765
9 18.0000 2.784 21.6567 -13.5676 6.0221
9 18.0000 2.817 3.75164 8.86682 2.37914
9 18.0000 2.850 -7.70001 59.2066 -3.61494
9 18.0000 2.883 4.04875 8.62664 2.64508
9 18.0000 2.917 38.7057 -17.7261 9.25189
9 18.0000 2.950 59.2382 631.313 31.0771
9 18.0000 2.983 27.3441 -104.745 12.0935
9 22.0000 0.550 0.881057 0.885325 0.87683
9 22.0000 0.583 0.871612 0.875674 0.867587
9 22.0000 0.617 0.860289 0.864495 0.856124
9 22.0000 0.650 0.856751 0.861386 0.852166
9 22.0000 0.683 0.859771 0.865031 0.854575
9 22.0000 0.717 0.858443 0.864397 0.85257
9 22.0000 0.750 0.876808 0.884154 0.869584
9 22.0000 0.783 0.916758 0.921459 0.912105
9 22.0000 0.817 0.915583 0.9202 0.911012
9 22.0000 0.850 0.932923 0.937754 0.928141
9 22.0000 0.883 0.911245 0.916167 0.906376
9 22.0000 0.917 0.853534 0.858464 0.84866
9 22.0000 0.950 0.78235 0.787185 0.777575
9 22.0000 0.983 0.691133 0.695739 0.686587
9 22.0000 1.017 0.662559 0.667444 0.657744
9 22.0000 1.050 0.698519 0.704414 0.692722
9 22.0000 1.083 0.777122 0.784917 0.769479
9 22.0000 1.117 0.900171 0.911266 0.889343
9 22.0000 1.150 1.02297 1.03829 1.00809
9 22.0000 1.183 1.11484 1.13539 1.09502
9 22.0000 1.217 1.28893 1.31875 1.26042
9 22.0000 1.250 1.4103 1.42686 1.39412
9 22.0000 1.283 1.44592 1.4651 1.42724
9 22.0000 1.317 1.51332 1.53598 1.49132
9 22.0000 1.350 1.60126 1.62917 1.57428
9 22.0000 1.383 1.66939 1.703 1.63708
9 22.0000 1.417 1.79801 1.84083 1.75714
9 22.0000 1.450 1.69477 1.73994 1.65189
9 22.0000 1.483 1.80486 1.86295 1.75028
9 22.0000 1.517 1.72858 1.79061 1.6707
9 22.0000 1.550 1.68302 1.75164 1.61957
9 22.0000 1.583 1.8007 1.88807 1.72106
9 22.0000 1.617 1.91395 2.02293 1.81611
9 22.0000 1.650 2.11537 2.25474 1.99223
9 22.0000 1.683 2.00844 2.16697 1.87152
9 22.0000 1.717 1.94458 2.1072 1.80526
9 22.0000 1.750 1.84077 2.00397 1.70216
9 22.0000 1.783 2.22143 2.47588 2.01441
9 22.0000 1.817 1.92693 2.17617 1.72892
9 22.0000 1.850 2.16544 2.51148 1.90321
9 22.0000 1.883 2.42689 2.91763 2.07746
9 22.0000 1.917 2.4398 2.98846 2.06135
9 22.0000 1.950 2.02906 2.47929 1.71722
9 22.0000 1.983 2.7225 3.62855 2.17852
9 22.0000 2.017 3.11497 4.52673 2.37445
9 22.0000 2.050 2.61288 3.52979 2.0741
9 22.0000 2.083 2.08459 2.87637 1.63463
9 22.0000 2.116 7.32011 95.7854 3.80546
9 22.0000 2.150 5.12952 21.0837 2.91996
9 22.0000 2.183 2.97575 5.40424 2.05314
9 22.0000 2.217 4.51977 14.5159 2.67659
9 22.0000 2.250 2.93255 5.77934 1.96475
9 22.0000 2.283 2.61506 31.0174 1.36508
9 22.0000 2.317 1.63055 14.3287 0.864461
9 22.0000 2.350 5.76568 -7.05169 2.04629
9 22.0000 2.383 -11.8655 6.82818 -3.17452
9 22.0000 2.417 5.46568 -12.9116 2.25545
9 22.0000 2.450 1.88943 5.07048 1.16104
9 22.0000 2.483 -7.62253 1.93975 -1.2855
9 22.0000 2.517 1.15929 2.87266 0.726169
9 22.0000 2.550 -1.46051 1.6108 -0.502465
9 22.0000 2.583 3.00906 -1.70783 0.799872
9 22.0000 2.650 -1.59826 27.7085 -0.776729
9 22.0000 2.683 -0.50045 0.701213 -0.184417
9 22.0000 2.717 -13.0993 1.56419 -1.26264
9 22.0000 2.783 0.696233 -0.911993 0.251946
9 22.0000 2.917 -1.09366 1.18632 -0.374299
9 26.0000 0.650 0.848608 0.853364 0.843905
9 26.0000 0.683 0.844809 0.84954 0.840129
9 26.0000 0.717 0.834237 0.839319 0.829216
9 26.0000 0.750 0.859845 0.865872 0.853902
9 26.0000 0.783 0.870095 0.877081 0.863219
9 26.0000 0.817 0.892698 0.900954 0.884591
9 26.0000 0.850 0.911993 0.922248 0.901963
9 26.0000 0.883 0.92885 0.934646 0.923126
9 26.0000 0.917 0.891583 0.896972 0.886259
9 26.0000 0.950 0.832293 0.837418 0.827231
9 26.0000 0.983 0.738662 0.743427 0.733957
9 26.0000 1.017 0.71958 0.724788 0.714446
9 26.0000 1.050 0.762486 0.769023 0.756058
9 26.0000 1.083 0.848752 0.857587 0.840098
9 26.0000 1.117 0.988924 1.00205 0.976136
9 26.0000 1.150 1.10563 1.12397 1.08788
9 26.0000 1.183 1.24276 1.26905 1.21754
9 26.0000 1.217 1.3909 1.42954 1.35429
9 26.0000 1.250 1.51983 1.57317 1.46998
9 26.0000 1.283 1.51923 1.58356 1.45991
9 26.0000 1.317 1.66619 1.76241 1.57994
9 26.0000 1.350 1.69898 1.78466 1.62114
9 26.0000 1.383 1.80096 1.90559 1.70722
9 26.0000 1.417 1.89294 2.01964 1.78119
9 26.0000 1.450 1.78403 1.91231 1.67187
9 26.0000 1.483 1.89043 2.05645 1.74922
9 26.0000 1.517 1.68574 1.84762 1.54995
9 26.0000 1.550 1.75469 1.94487 1.5984
9 26.0000 1.583 2.1439 2.48834 1.88322
9 26.0000 1.617 1.98263 2.32622 1.72748
9 26.0000 1.650 2.40575 2.97506 2.01934
9 26.0000 1.683 1.73847 2.07333 1.49673
9 26.0000 1.717 2.51864 3.47996 1.97348
9 26.0000 1.750 2.90892 4.28467 2.20192
9 26.0000 1.783 1.68401 2.21646 1.35783
9 26.0000 1.817 1.64528 2.23829 1.30068
9 26.0000 1.850 1.44573 2.07129 1.11038
9 26.0000 1.883 1.7916 2.92099 1.29204
9 26.0000 1.917 12.3669 -7.10333 3.30577
9 26.0000 1.950 1.39377 3.24886 0.887185
9 26.0000 1.983 2.27837 11.6537 1.26261
9 26.0000 2.017 -23.4577 2.52506 -2.07775
9 26.0000 2.050 2.60749 -13.4789 1.18876
9 26.0000 2.083 -1.78968 -8.79198 -0.996234
9 26.0000 2.117 3.61742 -4.50025 1.29017
9 26.0000 2.150 -4.06372 1.09443 -0.711298
9 26.0000 2.183 3.16056 -3.42607 1.08146
9 26.0000 2.217 1.25666 11.9517 0.663196
9 26.0000 2.250 -15.6954 1.96945 -1.57435
9 26.0000 2.283 -0.927128 1.17426 -0.332358
9 26.0000 2.450 -6.28378 0.79741 -0.635995
12 18.0000 0.450 0.948317 0.951875 0.944785
12 18.0000 0.483 0.929282 0.932571 0.926015
12 18.0000 0.517 0.917347 0.92068 0.914038
12 18.0000 0.550 0.918274 0.921937 0.914639
12 18.0000 0.583 0.902283 0.906246 0.898355
12 18.0000 0.617 0.903506 0.907996 0.899059
12 18.0000 0.650 0.911826 0.917306 0.906412
12 18.0000 0.683 0.940645 0.945002 0.936328
12 18.0000 0.717 0.947867 0.952184 0.943589
12 18.0000 0.750 0.962557 0.967039 0.958116
12 18.0000 0.783 0.952018 0.956642 0.947439
12 18.0000 0.817 0.959509 0.964549 0.95452
12 18.0000 0.850 0.966557 0.972082 0.961094
12 18.0000 0.883 0.93188 0.937518 0.926308
12 18.0000 0.917 0.83612 0.841333 0.830972
12 18.0000 0.950 0.714082 0.718648 0.709573
12 18.0000 0.983 0.632031 0.636246 0.627873
12 18.0000 1.017 0.594601 0.59891 0.590353
12 18.0000 1.050 0.654536 0.659886 0.649272
12 18.0000 1.083 0.728651 0.735527 0.721902
12 18.0000 1.117 0.858664 0.868429 0.849116
12 18.0000 1.150 0.976753 0.990275 0.963596
12 18.0000 1.183 1.14388 1.16321 1.12518
12 18.0000 1.217 1.27199 1.29886 1.24621
12 18.0000 1.250 1.52961 1.5383 1.52103
12 18.0000 1.283 1.6711 1.68155 1.66077
12 18.0000 1.317 1.77261 1.78504 1.76035
12 18.0000 1.350 1.91986 1.93504 1.90493
12 18.0000 1.383 1.99271 2.01037 1.97535
12 18.0000 1.417 2.10922 2.13035 2.0885
12 18.0000 1.450 2.13652 2.16061 2.11297
12 18.0000 1.483 2.2077 2.23611 2.18
12 18.0000 1.517 2.23914 2.27135 2.20783
12 18.0000 1.550 2.25953 2.2963 2.22392
12 18.0000 1.583 2.2876 2.32939 2.24727
12 18.0000 1.617 2.21789 2.26307 2.17447
12 18.0000 1.650 2.30197 2.35373 2.25244
12 18.0000 1.683 2.3417 2.3994 2.28671
12 18.0000 1.717 2.29806 2.3623 2.23722
12 18.0000 1.750 2.31707 2.38773 2.25047
12 18.0000 1.783 2.21126 2.28327 2.14366
12 18.0000 1.817 2.258 2.34163 2.18014
12 18.0000 1.850 2.26974 2.36102 2.18525
12 18.0000 1.883 2.48899 2.60163 2.38569
12 18.0000 1.917 2.38322 2.49823 2.27834
12 18.0000 1.950 2.40819 2.53782 2.29116
12 18.0000 1.983 2.41505 2.55908 2.28637
12 18.0000 2.017 2.36916 2.51803 2.23692
12 18.0000 2.050 2.73254 2.94491 2.54874
12 18.0000 2.083 2.59255 2.81345 2.40382
12 18.0000 2.117 3.21244 3.55533 2.92987
12 18.0000 2.150 2.99572 3.31181 2.73471
12 18.0000 2.183 3.61363 4.07962 3.24318
12 18.0000 2.217 3.68732 4.21136 3.27926
12 18.0000 2.250 4.86334 5.73138 4.22365
12 18.0000 2.283 4.85555 5.94484 4.10362
12 18.0000 2.317 3.75629 4.50501 3.22097
12 18.0000 2.350 5.5537 6.96151 4.61951
12 18.0000 2.383 8.3661 13.765 6.00918
12 18.0000 2.417 4.65853 6.0576 3.78447
12 18.0000 2.450 6.09645 8.54898 4.73738
12 18.0000 2.483 7.01508 10.6501 5.23002
12 18.0000 2.517 7.81311 16.7339 5.09629
12 18.0000 2.550 5.98838 9.79816 4.31183
12 18.0000 2.583 8.64902 22.3075 5.36446
12 18.0000 2.617 6.6912 11.3015 4.75249
12 18.0000 2.650 10.544 33.4102 6.25974
12 18.0000 2.683 -113.954 16.4524 -12.7661
12 18.0000 2.717 144.415 -18.7198 14.8658
12 18.0000 2.750 -87.1992 14.918 -11.1149
12 18.0000 2.784 34.4199 -21.5796 9.57433
12 18.0000 2.817 6.74992 15.4808 4.31585
12 18.0000 2.850 -20.5086 181.389 -9.70563
12 18.0000 2.883 6.01793 12.7294 3.94039
12 18.0000 2.917 78.1983 -35.9183 18.7206
12 18.0000 2.950 149.014 1069.18 80.0878
12 18.0000 2.983 273.643 6435.01 139.794
12 22.0000 0.550 0.899119 0.903372 0.894906
12 22.0000 0.583 0.888178 0.892221 0.884172
12 22.0000 0.617 0.879198 0.883395 0.875041
12 22.0000 0.650 0.872372 0.876977 0.867815
12 22.0000 0.683 0.884643 0.889922 0.879425
12 22.0000 0.717 0.885897 0.891891 0.879982
12 22.0000 0.750 0.911079 0.918525 0.903752
12 22.0000 0.783 0.921404 0.925753 0.917096
12 22.0000 0.817 0.932227 0.93655 0.927944
12 22.0000 0.850 0.948857 0.953381 0.944375
12 22.0000 0.883 0.92773 0.932338 0.923167
12 22.0000 0.917 0.862366 0.866925 0.857855
12 22.0000 0.950 0.779423 0.783806 0.775089
12 22.0000 0.983 0.695265 0.69944 0.69114
12 22.0000 1.017 0.662296 0.666683 0.657966
12 22.0000 1.050 0.700084 0.705412 0.694836
12 22.0000 1.083 0.780884 0.788003 0.773893
12 22.0000 1.117 0.943396 0.954041 0.932986
12 22.0000 1.150 1.07796 1.09287 1.06345
12 22.0000 1.183 1.22791 1.24888 1.20764
12 22.0000 1.217 1.41287 1.4435 1.38351
12 22.0000 1.250 1.62372 1.6447 1.60327
12 22.0000 1.283 1.71913 1.74396 1.695
12 22.0000 1.317 1.83773 1.86747 1.80892
12 22.0000 1.350 1.89484 1.93052 1.86045
12 22.0000 1.383 2.00264 2.04595 1.96113
12 22.0000 1.417 2.14137 2.19591 2.08948
12 22.0000 1.450 2.14546 2.20637 2.08783
12 22.0000 1.483 2.2604 2.33756 2.18816
12 22.0000 1.517 2.26419 2.35009 2.18434
12 22.0000 1.550 2.12247 2.21454 2.03775
12 22.0000 1.583 2.293 2.41077 2.1862
12 22.0000 1.617 2.33236 2.47318 2.20671
12 22.0000 1.650 2.41797 2.58767 2.26916
12 22.0000 1.683 2.48077 2.68723 2.30378
12 22.0000 1.717 2.45134 2.6683 2.26701
12 22.0000 1.750 2.29121 2.50746 2.1093
12 22.0000 1.783 2.58839 2.90265 2.33554
12 22.0000 1.817 2.47341 2.8101 2.20877
12 22.0000 1.850 2.91732 3.40267 2.55315
12 22.0000 1.883 3.51556 4.24641 2.99934
12 22.0000 1.917 3.44246 4.23917 2.89784
12 22.0000 1.950 2.83744 3.49278 2.38917
12 22.0000 1.983 3.62779 4.87429 2.88899
12 22.0000 2.017 4.72322 6.90469 3.58923
12 22.0000 2.050 3.12705 4.28897 2.46048
12 22.0000 2.083 2.64852 3.72051 2.05609
12 22.0000 2.116 9.70968 133.887 5.0375
12 22.0000 2.150 5.35131 23.0627 3.02682
12 22.0000 2.183 4.28688 7.89702 2.94196
12 22.0000 2.217 5.69411 18.8893 3.35233
12 22.0000 2.250 3.72439 7.57346 2.46938
12 22.0000 2.283 3.92526 53.6481 2.03716
12 22.0000 2.317 5.69541 38.85 3.07295
12 22.0000 2.350 6.33593 -7.60398 2.23629
12 22.0000 2.383 -15.8793 9.11203 -4.24277
12 22.0000 2.417 8.03665 -18.4775 3.30055
12 22.0000 2.450 1.01199 7.20617 0.544209
12 22.0000 2.483 -14.8641 3.78252 -2.50673
12 22.0000 2.517 0.648677 22.2222 0.329142
12 22.0000 2.550 -5.68537 7.21241 -2.03903
12 22.0000 2.583 11.724 -6.97229 3.18456
12 22.0000 2.616 8.81756 -5.16369 2.37823
12 22.0000 2.650 -3.13647 54.3774 -1.52427
12 22.0000 2.683 -1.93461 6.47459 -0.841574
12 22.0000 2.717 -25.6279 3.06016 -2.47023
12 22.0000 2.750 5.27677 -5.04312 1.73217
12 22.0000 2.783 2.69288 -7.40521 1.13929
12 22.0000 2.817 7.09119 -4.00384 1.88041
12 22.0000 2.917 -4.36338 7.74653 -1.70227
12 26.0000 0.650 0.870701 0.875211 0.866237
12 26.0000 0.683 0.874738 0.879266 0.870255
12 26.0000 0.717 0.865127 0.869996 0.860312
12 26.0000 0.750 0.88968 0.895451 0.883983
12 26.0000 0.783 0.900333 0.907029 0.893735
12 26.0000 0.817 0.923873 0.931798 0.916081
12 26.0000 0.850 0.944912 0.954782 0.935243
12 26.0000 0.883 0.964227 0.969697 0.958819
12 26.0000 0.917 0.922765 0.927811 0.917773
12 26.0000 0.950 0.853242 0.857972 0.848564
12 26.0000 0.983 0.762428 0.766812 0.758093
12 26.0000 1.017 0.732977 0.737704 0.728309
12 26.0000 1.050 0.787836 0.793875 0.781888
12 26.0000 1.083 0.88308 0.891378 0.874935
12 26.0000 1.117 1.04766 1.06042 1.0352
12 26.0000 1.150 1.20942 1.22794 1.19146
12 26.0000 1.183 1.38976 1.41716 1.36339
12 26.0000 1.217 1.59266 1.63431 1.55308
12 26.0000 1.250 1.78984 1.84919 1.73418
12 26.0000 1.283 1.84454 1.91827 1.77627
12 26.0000 1.317 1.99501 2.10449 1.89636
12 26.0000 1.350 2.05948 2.16358 1.96493
12 26.0000 1.383 2.24845 2.37911 2.13141
12 26.0000 1.417 2.18785 2.33507 2.05809
12 26.0000 1.450 2.17751 2.33437 2.0404
12 26.0000 1.483 2.39981 2.61032 2.22072
12 26.0000 1.517 2.15973 2.36674 1.98603
12 26.0000 1.550 2.12256 2.35318 1.9331
12 26.0000 1.583 2.42213 2.81347 2.12636
12 26.0000 1.617 2.45423 2.87968 2.13831
12 26.0000 1.650 3.02746 3.74337 2.54142
12 26.0000 1.683 1.71359 2.05112 1.47145
12 26.0000 1.717 2.91358 4.02956 2.28168
12 26.0000 1.750 3.31192 4.88494 2.5052
12 26.0000 1.783 1.98141 2.61131 1.59635
12 26.0000 1.817 1.77715 2.42801 1.40146
12 26.0000 1.850 1.84165 2.63505 1.41547
12 26.0000 1.883 2.72465 4.40723 1.97184
12 26.0000 1.917 16.8623 -9.68748 4.50788
12 26.0000 1.950 2.33951 5.31039 1.50022
12 26.0000 1.983 2.78621 14.2511 1.54404
12 26.0000 2.017 -52.4549 5.64729 -4.64675
12 26.0000 2.050 4.0803 -22.1828 1.86832
12 26.0000 2.083 -1.60082 -8.99523 -0.878588
12 26.0000 2.117 5.40044 -6.77461 1.93069
12 26.0000 2.150 -8.76117 2.3695 -1.53773
12 26.0000 2.183 2.3183 -2.3779 0.779277
12 26.0000 2.217 0.512978 -3.11721 0.236989
12 26.0000 2.250 -7.65814 0.957561 -0.766002
12 26.0000 2.283 -3.40379 5.42977 -1.29576
63 18.0000 0.450 0.948137 0.952372 0.943939
63 18.0000 0.483 0.925754 0.929675 0.921867
63 18.0000 0.517 0.912659 0.916638 0.908713
63 18.0000 0.550 0.915248 0.919639 0.910899
63 18.0000 0.583 0.899361 0.904132 0.894641
63 18.0000 0.617 0.890948 0.896303 0.885657
63 18.0000 0.650 0.897424 0.903942 0.891
63 18.0000 0.683 0.937734 0.94264 0.93288
63 18.0000 0.717 0.930492 0.935291 0.925743
63 18.0000 0.750 0.939496 0.944458 0.934587
63 18.0000 0.783 0.924044 0.929146 0.918997
63 18.0000 0.817 0.921659 0.927178 0.916205
63 18.0000 0.850 0.924556 0.9306 0.91859
63 18.0000 0.883 0.890789 0.896996 0.884668
63 18.0000 0.917 0.779302 0.785013 0.773673
63 18.0000 0.950 0.666756 0.671857 0.661731
63 18.0000 0.983 0.584727 0.589483 0.580047
63 18.0000 1.017 0.56478 0.569757 0.559889
63 18.0000 1.050 0.598301 0.604254 0.592464
63 18.0000 1.083 0.669658 0.677253 0.662231
63 18.0000 1.117 0.806712 0.817462 0.796241
63 18.0000 1.150 0.93188 0.946723 0.917494
63 18.0000 1.183 1.13385 1.15541 1.11308
63 18.0000 1.217 1.23133 1.26034 1.20363
63 18.0000 1.250 1.50655 1.51532 1.49787
63 18.0000 1.283 1.62975 1.64022 1.61942
63 18.0000 1.317 1.7831 1.79586 1.77052
63 18.0000 1.350 1.95779 1.97351 1.94232
63 18.0000 1.383 2.03911 2.05744 2.0211
63 18.0000 1.417 2.2007 2.22295 2.1789
63 18.0000 1.450 2.25566 2.28131 2.23057
63 18.0000 1.483 2.32645 2.35659 2.29706
63 18.0000 1.517 2.36407 2.39829 2.3308
63 18.0000 1.550 2.40581 2.44519 2.36768
63 18.0000 1.583 2.46585 2.51111 2.42219
63 18.0000 1.617 2.43339 2.48301 2.38571
63 18.0000 1.650 2.57506 2.63265 2.51994
63 18.0000 1.683 2.48207 2.54358 2.42346
63 18.0000 1.717 2.65076 2.72454 2.58087
63 18.0000 1.750 2.57646 2.65467 2.50272
63 18.0000 1.783 2.43748 2.51686 2.36295
63 18.0000 1.817 2.51496 2.60782 2.42849
63 18.0000 1.850 2.67287 2.77935 2.57425
63 18.0000 1.883 2.86804 2.99718 2.74957
63 18.0000 1.917 2.70263 2.83229 2.58432
63 18.0000 1.950 2.59235 2.73287 2.46558
63 18.0000 1.983 2.70585 2.86688 2.56194
63 18.0000 2.017 2.65013 2.81693 2.50198
63 18.0000 2.050 3.27397 3.52562 3.05584
63 18.0000 2.083 3.21564 3.48579 2.98435
63 18.0000 2.117 4.05597 4.48322 3.70307
63 18.0000 2.150 3.72273 4.11019 3.40203
63 18.0000 2.183 3.90016 4.40653 3.49817
63 18.0000 2.217 4.3611 4.97914 3.87955
63 18.0000 2.250 5.11745 6.03971 4.43953
63 18.0000 2.283 6.3804 7.79508 5.40033
63 18.0000 2.317 4.77259 5.71422 4.09739
63 18.0000 2.350 6.35647 7.96933 5.28656
63 18.0000 2.383 11.8682 19.4693 8.5357
63 18.0000 2.417 5.68925 7.39044 4.62471
63 18.0000 2.450 6.96088 9.76353 5.40839
63 18.0000 2.483 8.03148 12.2033 5.98534
63 18.0000 2.517 13.0947 27.7639 8.56781
63 18.0000 2.550 8.56531 13.927 6.18441
63 18.0000 2.583 13.9297 35.5 8.66484
63 18.0000 2.617 7.76759 13.1409 5.51323
63 18.0000 2.650 14.2951 45.0106 8.49683
63 18.0000 2.683 -171.618 24.7788 -19.2267
63 18.0000 2.717 204.445 -26.5022 21.0459
63 18.0000 2.750 -128.396 21.9671 -16.3668
63 18.0000 2.784 35.7513 -22.3974 9.94135
63 18.0000 2.817 7.36703 17.0678 4.69726
63 18.0000 2.850 -16.9299 138.639 -7.97785
63 18.0000 2.883 5.41506 12.0265 3.49418
63 18.0000 2.917 74.2832 -34.0507 17.7645
63 18.0000 2.950 198.819 1390.05 107.066
63 18.0000 2.983 241.891 9606.15 122.487
63 22.0000 0.550 0.872296 0.876912 0.867729
63 22.0000 0.583 0.864006 0.86841 0.859646
63 22.0000 0.617 0.860585 0.865191 0.856029
63 22.0000 0.650 0.843739 0.848756 0.838782
63 22.0000 0.683 0.856971 0.862727 0.851292
63 22.0000 0.717 0.864827 0.871408 0.858345
63 22.0000 0.750 0.881756 0.889859 0.8738
63 22.0000 0.783 0.902772 0.907904 0.897697
63 22.0000 0.817 0.904323 0.909382 0.89932
63 22.0000 0.850 0.905141 0.910353 0.899989
63 22.0000 0.883 0.879817 0.885139 0.874559
63 22.0000 0.917 0.827404 0.832794 0.822083
63 22.0000 0.950 0.733514 0.738702 0.728399
63 22.0000 0.983 0.64487 0.649837 0.639979
63 22.0000 1.017 0.614779 0.620043 0.609604
63 22.0000 1.050 0.644081 0.650382 0.637901
63 22.0000 1.083 0.738934 0.747393 0.730666
63 22.0000 1.117 0.914997 0.927536 0.902792
63 22.0000 1.150 1.05032 1.06762 1.03358
63 22.0000 1.183 1.20909 1.23318 1.18592
63 22.0000 1.217 1.4055 1.44033 1.37232
63 22.0000 1.250 1.63961 1.66042 1.61932
63 22.0000 1.283 1.74283 1.76758 1.71876
63 22.0000 1.317 1.88352 1.91349 1.85448
63 22.0000 1.350 1.98574 2.02239 1.9504
63 22.0000 1.383 2.0935 2.13791 2.05089
63 22.0000 1.417 2.27392 2.33071 2.21982
63 22.0000 1.450 2.19843 2.25991 2.1402
63 22.0000 1.483 2.32035 2.3985 2.24713
63 22.0000 1.517 2.33525 2.42254 2.25403
63 22.0000 1.550 2.34478 2.44392 2.25336
63 22.0000 1.583 2.50407 2.6299 2.38973
63 22.0000 1.617 2.58732 2.74006 2.45072
63 22.0000 1.650 2.72665 2.91352 2.56232
63 22.0000 1.683 2.92603 3.16306 2.72205
63 22.0000 1.717 2.68817 2.9209 2.48979
63 22.0000 1.750 2.71518 2.96306 2.50557
63 22.0000 1.783 2.90183 3.24705 2.62296
63 22.0000 1.817 3.22633 3.64914 2.89132
63 22.0000 1.850 3.53569 4.10897 3.1028
63 22.0000 1.883 3.55227 4.28567 3.03321
63 22.0000 1.917 3.42665 4.21669 2.88594
63 22.0000 1.950 3.45566 4.23234 2.91984
63 22.0000 1.983 3.73246 5.00751 2.97495
63 22.0000 2.017 5.33589 7.77188 4.06255
63 22.0000 2.050 3.35255 4.58182 2.64336
63 22.0000 2.083 3.35042 4.65144 2.61812
63 22.0000 2.116 12.5158 166.085 6.50292
63 22.0000 2.150 10.0539 41.324 5.72315
63 22.0000 2.183 4.21923 7.76217 2.89696
63 22.0000 2.217 7.24953 23.5732 4.28341
63 22.0000 2.250 4.30293 8.63856 2.865
63 22.0000 2.283 5.7107 64.8508 2.98686
63 22.0000 2.317 6.75356 44.1306 3.65657
63 22.0000 2.350 11.9656 -14.6548 4.2484
63 22.0000 2.383 -25.703 14.8008 -6.87871
63 22.0000 2.417 8.90234 -20.6911 3.66314
63 22.0000 2.450 3.02517 8.55578 1.83742
63 22.0000 2.483 -26.5259 6.7764 -4.48493
63 22.0000 2.517 2.30007 5.6993 1.44076
63 22.0000 2.550 -5.84454 7.41455 -2.09613
63 22.0000 2.583 5.97764 -3.39271 1.58899
63 22.0000 2.616 6.10911 -3.46416 1.62324
63 22.0000 2.650 -2.15146 11.1235 -0.980873
63 22.0000 2.683 -0.994728 1.39353 -0.366542
63 22.0000 2.717 -53.0532 6.3528 -5.12534
63 22.0000 2.750 2.79252 -2.0967 0.838125
63 22.0000 2.783 1.3869 -1.81696 0.5019
63 22.0000 2.817 3.65297 -1.83736 0.915952
63 22.0000 2.917 -4.39947 7.81006 -1.71633
63 26.0000 0.650 0.830496 0.83554 0.825512
63 26.0000 0.683 0.84717 0.852299 0.842103
63 26.0000 0.717 0.823045 0.828488 0.817673
63 26.0000 0.750 0.853971 0.860459 0.84758
63 26.0000 0.783 0.863782 0.871312 0.856381
63 26.0000 0.817 0.876424 0.885224 0.867797
63 26.0000 0.850 0.888178 0.899056 0.877561
63 26.0000 0.883 0.913492 0.919501 0.907562
63 26.0000 0.917 0.878503 0.884131 0.872946
63 26.0000 0.950 0.801025 0.806277 0.795842
63 26.0000 0.983 0.710783 0.715696 0.705936
63 26.0000 1.017 0.685918 0.691262 0.680656
63 26.0000 1.050 0.733407 0.740125 0.72681
63 26.0000 1.083 0.83724 0.846469 0.828211
63 26.0000 1.117 1.00462 1.01858 0.991039
63 26.0000 1.150 1.17622 1.19644 1.15667
63 26.0000 1.183 1.37771 1.40762 1.34906
63 26.0000 1.217 1.60213 1.64743 1.55925
63 26.0000 1.250 1.79244 1.8563 1.73282
63 26.0000 1.283 1.84468 1.92382 1.77179
63 26.0000 1.317 2.11434 2.23732 2.00418
63 26.0000 1.350 2.17217 2.28328 2.07137
63 26.0000 1.383 2.27816 2.41226 2.15819
63 26.0000 1.417 2.31562 2.47301 2.17706
63 26.0000 1.450 2.40801 2.58265 2.2555
63 26.0000 1.483 2.45531 2.6732 2.27027
63 26.0000 1.517 2.3818 2.61163 2.18916
63 26.0000 1.550 2.23439 2.48121 2.03223
63 26.0000 1.583 2.87861 3.34424 2.5268
63 26.0000 1.617 2.76618 3.25135 2.407
63 26.0000 1.650 3.41157 4.22187 2.86223
63 26.0000 1.683 2.26979 2.71302 1.95104
63 26.0000 1.717 3.07191 4.27628 2.39686
63 26.0000 1.750 4.17816 6.15961 3.16124
63 26.0000 1.783 2.36653 3.12159 1.9056
63 26.0000 1.817 2.69629 3.65898 2.13465
63 26.0000 1.850 2.12238 3.04507 1.62882
63 26.0000 1.883 2.15736 3.55733 1.54811
63 26.0000 1.917 19.4753 -11.1866 5.20597
63 26.0000 1.950 2.23979 5.19832 1.42741
63 26.0000 1.983 3.37724 17.3822 1.87031
63 26.0000 2.017 -45.7289 4.92266 -4.05058
63 26.0000 2.050 5.53189 -30.4599 2.53569
63 26.0000 2.083 -2.77616 -13.6388 -1.54536
63 26.0000 2.117 3.10308 -3.71223 1.09421
63 26.0000 2.150 -11.1759 3.02268 -1.9616
63 26.0000 2.183 9.86777 -11.1086 3.41647
63 26.0000 2.217 0.650618 -3.95257 0.300571
63 26.0000 2.250 -14.7089 1.84303 -1.47372
63 26.0000 2.283 -0.722387 0.650787 -0.232277
63 26.0000 2.450 -10.1985 1.2942 -1.03222
197 18.0000 0.450 0.903587 0.907723 0.899489
197 18.0000 0.483 0.875887 0.879693 0.872113
197 18.0000 0.517 0.860585 0.864441 0.856764
197 18.0000 0.550 0.85955 0.863788 0.855352
197 18.0000 0.583 0.841255 0.845848 0.836712
197 18.0000 0.617 0.83661 0.84178 0.831503
197 18.0000 0.650 0.843668 0.849964 0.837465
197 18.0000 0.683 0.879121 0.883498 0.874787
197 18.0000 0.717 0.871916 0.876194 0.867679
197 18.0000 0.750 0.884799 0.889244 0.880398
197 18.0000 0.783 0.871688 0.876267 0.867156
197 18.0000 0.817 0.870019 0.874978 0.865116
197 18.0000 0.850 0.865576 0.870964 0.860254
197 18.0000 0.883 0.823249 0.828708 0.817861
197 18.0000 0.917 0.737083 0.742181 0.732054
197 18.0000 0.950 0.630477 0.635008 0.626011
197 18.0000 0.983 0.539695 0.543812 0.535639
197 18.0000 1.017 0.502437 0.506617 0.498325
197 18.0000 1.050 0.556669 0.56186 0.551573
197 18.0000 1.083 0.6222 0.628839 0.615699
197 18.0000 1.117 0.731636 0.740915 0.722587
197 18.0000 1.150 0.855359 0.86837 0.842732
197 18.0000 1.183 1.03803 1.05701 1.01972
197 18.0000 1.217 1.16467 1.19103 1.13945
197 18.0000 1.250 1.41217 1.42069 1.40375
197 18.0000 1.283 1.56438 1.57469 1.55421
197 18.0000 1.317 1.7236 1.73623 1.71116
197 18.0000 1.350 1.85605 1.87136 1.84098
197 18.0000 1.383 1.98898 2.00723 1.97107
197 18.0000 1.417 2.12707 2.14904 2.10555
197 18.0000 1.450 2.19438 2.21983 2.1695
197 18.0000 1.483 2.25637 2.28619 2.22732
197 18.0000 1.517 2.30394 2.33795 2.27089
197 18.0000 1.550 2.39446 2.4342 2.356
197 18.0000 1.583 2.49925 2.5456 2.45456
197 18.0000 1.617 2.43843 2.48882 2.39004
197 18.0000 1.650 2.45604 2.51221 2.40232
197 18.0000 1.683 2.44147 2.50297 2.38291
197 18.0000 1.717 2.50947 2.58098 2.44182
197 18.0000 1.750 2.59067 2.67021 2.51574
197 18.0000 1.783 2.46737 2.54857 2.39118
197 18.0000 1.817 2.58198 2.67797 2.49263
197 18.0000 1.850 2.63525 2.74191 2.53658
197 18.0000 1.883 2.90074 3.03259 2.77987
197 18.0000 1.917 2.71474 2.84643 2.59469
197 18.0000 1.950 2.70695 2.85416 2.57417
197 18.0000 1.983 3.01632 3.19442 2.85703
197 18.0000 2.017 2.83487 3.0131 2.67654
197 18.0000 2.050 3.23384 3.4853 3.01622
197 18.0000 2.083 2.95639 3.21103 2.73918
197 18.0000 2.117 3.9208 4.33879 3.57627
197 18.0000 2.150 3.62266 4.00489 3.30704
197 18.0000 2.183 3.74139 4.23392 3.35152
197 18.0000 2.217 4.78927 5.46565 4.26187
197 18.0000 2.250 5.56514 6.56526 4.82945
197 18.0000 2.283 6.98275 8.52791 5.91163
197 18.0000 2.317 4.86429 5.82971 4.17319
197 18.0000 2.350 6.10426 7.66777 5.07038
197 18.0000 2.383 11.8594 19.4746 8.52566
197 18.0000 2.417 6.05473 7.86516 4.92182
197 18.0000 2.450 7.58323 10.6313 5.89352
197 18.0000 2.483 9.22254 13.987 6.87924
197 18.0000 2.517 13.6846 29.0309 8.95223
197 18.0000 2.550 8.91266 14.5037 6.43285
197 18.0000 2.583 19.7844 50.0225 12.3306
197 18.0000 2.617 7.59474 12.8966 5.38213
197 18.0000 2.650 12.0492 38.4379 7.14439
197 18.0000 2.683 -159.469 23.0244 -17.8655
197 18.0000 2.717 229.742 -29.7811 23.6498
197 18.0000 2.750 -194.265 33.2409 -24.7656
197 18.0000 2.784 50.9424 -31.9632 14.1751
197 18.0000 2.817 7.85299 18.1927 5.00719
197 18.0000 2.850 -20.3013 170.068 -9.57891
197 18.0000 2.883 8.89442 18.5832 5.84631
197 18.0000 2.917 135.709 -62.4247 32.5132
197 18.0000 2.950 181.934 1347.16 97.5543
197 18.0000 2.983 338.799 8635.58 172.789
197 22.0000 0.550 0.824334 0.82874 0.819975
197 22.0000 0.583 0.804441 0.808592 0.800332
197 22.0000 0.617 0.79713 0.801452 0.792855
197 22.0000 0.650 0.787216 0.791955 0.782533
197 22.0000 0.683 0.798658 0.804091 0.793299
197 22.0000 0.717 0.798722 0.804889 0.792649
197 22.0000 0.750 0.813405 0.820993 0.805956
197 22.0000 0.783 0.841468 0.846258 0.836731
197 22.0000 0.817 0.849762 0.85452 0.845056
197 22.0000 0.850 0.842318 0.847183 0.837508
197 22.0000 0.883 0.816727 0.821682 0.811831
197 22.0000 0.917 0.764409 0.769422 0.759462
197 22.0000 0.950 0.6744 0.679213 0.669655
197 22.0000 0.983 0.595451 0.60007 0.590902
197 22.0000 1.017 0.570972 0.575877 0.566149
197 22.0000 1.050 0.59453 0.600379 0.588794
197 22.0000 1.083 0.676361 0.684165 0.668733
197 22.0000 1.117 0.828432 0.839903 0.817269
197 22.0000 1.150 0.973615 0.98972 0.958026
197 22.0000 1.183 1.12979 1.15237 1.10808
197 22.0000 1.217 1.28677 1.31887 1.25619
197 22.0000 1.250 1.54426 1.56444 1.52459
197 22.0000 1.283 1.65232 1.67642 1.6289
197 22.0000 1.317 1.78231 1.81139 1.75415
197 22.0000 1.350 1.91677 1.95289 1.88197
197 22.0000 1.383 2.01037 2.05393 1.96862
197 22.0000 1.417 2.20192 2.25793 2.14862
197 22.0000 1.450 2.13538 2.19624 2.07781
197 22.0000 1.483 2.37812 2.45899 2.3024
197 22.0000 1.517 2.25836 2.34434 2.17845
197 22.0000 1.550 2.20075 2.296 2.11309
197 22.0000 1.583 2.35062 2.47131 2.24117
197 22.0000 1.617 2.58578 2.74036 2.44772
197 22.0000 1.650 2.83897 3.03478 2.6669
197 22.0000 1.683 2.87439 3.11025 2.67178
197 22.0000 1.717 2.6639 2.89773 2.46498
197 22.0000 1.750 2.42495 2.65291 2.23306
197 22.0000 1.783 3.19275 3.57256 2.88593
197 22.0000 1.817 2.81373 3.19274 2.51516
197 22.0000 1.850 3.33122 3.88023 2.91832
197 22.0000 1.883 3.36905 4.07498 2.87158
197 22.0000 1.917 3.56532 4.39186 3.00061
197 22.0000 1.950 3.18705 3.91831 2.6858
197 22.0000 1.983 4.25786 5.70796 3.39529
197 22.0000 2.017 5.21105 7.61 3.96206
197 22.0000 2.050 3.97346 5.41421 3.13833
197 22.0000 2.083 3.63491 5.04954 2.83944
197 22.0000 2.116 10.4261 143.843 5.40909
197 22.0000 2.150 9.42863 39.0946 5.36075
197 22.0000 2.183 3.8345 7.13419 2.62185
197 22.0000 2.217 3.10308 11.3379 1.79753
197 22.0000 2.250 4.39889 8.88336 2.92321
197 22.0000 2.283 7.93588 83.8223 4.1651
197 22.0000 2.317 6.29129 42.9185 3.39443
197 22.0000 2.350 7.77122 -9.36768 2.74642
197 22.0000 2.383 -14.8122 8.48479 -3.95441
197 22.0000 2.417 8.85269 -20.3542 3.6357
197 22.0000 2.450 4.10779 11.0229 2.52423
197 22.0000 2.483 -29.203 7.46007 -4.93747
197 22.0000 2.517 3.28321 7.49738 2.10181
197 22.0000 2.550 -9.67399 12.8139 -3.51148
197 22.0000 2.583 19.889 -11.986 5.43511
197 22.0000 2.616 16.9569 -10.1557 4.62079
197 22.0000 2.650 -3.57475 61.9963 -1.73729
197 22.0000 2.683 -1.10467 1.54763 -0.407058
197 22.0000 2.717 -14.7665 1.74936 -1.41427
197 22.0000 2.750 3.09914 -2.32683 0.930137
197 22.0000 2.783 1.53953 -2.01674 0.557119
197 22.0000 2.817 4.05647 -2.04023 1.01711
197 26.0000 0.650 0.777303 0.781994 0.772668
197 26.0000 0.683 0.776096 0.780784 0.771464
197 26.0000 0.717 0.758438 0.763437 0.753503
197 26.0000 0.750 0.783331 0.789273 0.777478
197 26.0000 0.783 0.808146 0.815162 0.80125
197 26.0000 0.817 0.811227 0.819365 0.80325
197 26.0000 0.850 0.842957 0.853226 0.832932
197 26.0000 0.883 0.843739 0.849491 0.838065
197 26.0000 0.917 0.822166 0.827633 0.81677
197 26.0000 0.950 0.74744 0.752542 0.742406
197 26.0000 0.983 0.656254 0.661001 0.651574
197 26.0000 1.017 0.62751 0.632635 0.622468
197 26.0000 1.050 0.675904 0.682367 0.669563
197 26.0000 1.083 0.768699 0.777529 0.760066
197 26.0000 1.117 0.94038 0.95387 0.927266
197 26.0000 1.150 1.10244 1.12194 1.0836
197 26.0000 1.183 1.28138 1.30993 1.25405
197 26.0000 1.217 1.49513 1.53833 1.45428
197 26.0000 1.250 1.76482 1.82855 1.70538
197 26.0000 1.283 1.83123 1.91083 1.758
197 26.0000 1.317 2.03986 2.16021 1.93221
197 26.0000 1.350 2.07809 2.18419 1.98183
197 26.0000 1.383 2.22272 2.35315 2.10598
197 26.0000 1.417 2.40535 2.56761 2.26238
197 26.0000 1.450 2.33995 2.50924 2.19205
197 26.0000 1.483 2.42807 2.6428 2.24561
197 26.0000 1.517 2.28927 2.50986 2.10433
197 26.0000 1.550 2.25571 2.50208 2.0535
197 26.0000 1.583 2.81627 3.27077 2.47266
197 26.0000 1.617 2.83142 3.32176 2.46722
197 26.0000 1.650 3.17894 3.93462 2.66677
197 26.0000 1.683 2.48367 2.96192 2.13839
197 26.0000 1.717 3.39801 4.6987 2.66131
197 26.0000 1.750 4.03502 5.94654 3.05348
197 26.0000 1.783 2.51181 3.30274 2.0265
197 26.0000 1.817 2.26203 3.08062 1.78715
197 26.0000 1.850 2.4206 3.4478 1.86498
197 26.0000 1.883 2.19496 3.6062 1.57759
197 26.0000 1.917 21.6887 -12.4637 5.79888
197 26.0000 1.950 2.58498 5.89762 1.65525
197 26.0000 1.983 3.47899 17.6929 1.92916
197 26.0000 2.017 -58.4385 6.29176 -5.177
197 26.0000 2.050 7.00231 -40.3063 3.22134
197 26.0000 2.083 -2.87894 -13.7627 -1.60761
197 26.0000 2.117 5.88235 -7.35132 2.10071
197 26.0000 2.150 -4.55643 1.22245 -0.795564
197 26.0000 2.183 7.50582 -8.3724 2.59134
197 26.0000 2.217 1.55012 19.3686 0.80737
197 26.0000 2.250 -9.30752 1.16371 -0.930925
197 26.0000 2.283 -1.38284 1.75147 -0.495724
197 26.0000 2.450 -4.91014 0.617612 -0.493471
