90838
90839
90840
90841
90842
90843
90844
90845
90846
90847
90848
90849
90850
90851
90852
90853
90854
90855
90856
90857
90858
90859
90860
90861
90862
90863
90864
90865
90866
90867
90868
90869
90870
90871
90872
90873
90874
90875
90876
90877
90878
90879
90880
90881
90882
90883
90884
90885
90886
90887
90888
90889
90890
90891
90892
90893
90894
90895
90896
90897
90898
90899
90900
90901
90902
90903
90904
90905
90906
90907
90908
90909
90910
90911
90912
90913
90914
90915
90916
90917
90918
90919
90920
90921
90922
90923
90924
90925
90926
90927
90929
90930
90931
90932
90933
90934
90935
90936
90937
90938
90939
90940
90941
90942
90943
90944
90945
90946
90947
90948
90949
90950
90951
90952
90953
90954
90955
90956
90957
90958
90959
90960
90961
90962
90963
90964
90965
90966
90967
90968
90969
90970
90971
90972
90973
90974
90975
90976
90977
90978
90979
90980
90981
90982
90983
90984
90985
90986
90987
90988
90989
90990
90991
90992
90993
90994
90995
90996
90997
90998
90999
91000
91001
91002
91003
91004
91005
91006
91007
91008
91009
91010
91011
91012
91013
91014
91015
91016
91017
91018
91019
91020
91021
91022
91023
91024
91025
91026
91027
91028
91029
91030
91031
91032
91033
91034
91035
91036
91037
91038
91039
91040
91041
91042
91043
91044
91045
91046
91047
91048
91049
91050
91051
91052
91053
91054
91055
91056
91057
91058
91059
91060
91061
91062
91063
91064
91065
91066
91067
91068
91069
91070
91071
91072
91073
91074
91075
91076
91077
91078
91079
91080
91081
91082
91083
91084
91085
91086
91087
91088
91089
91090
91091
91092
91093
91094
91095
91096
91097
91098
91099
91100
91101
91102
91103
91104
91105
91106
91107
91108
91109
91110
91111
91112
91113
91114
91115
91116
91117
91118
91119
91120
91121
91122
91123
91124
91125
91126
91127
91128
91129
91130
91131
91132
91133
91134
91135
91136
91137
91138
91139
91140
91141
91142
91143
91144
91145
91146
91147
91148
91149
91150
91151
91152
91158
91159
91160
91161
91162
91163
91164
91165
91166
91167
91168
91169
91170
91171
91172
91173
91174
91175
91176
91177
91178
91179
91180
91181
91182
91183
91184
91185
91186
91187
91188
91189
91190
91191
91192
91193
91194
91195
91196
91197
91198
91199
91200
91201
91202
91203
91204
91205
91206
91207
91208
91209
91210
91211
91212
91213
91214
91215
91216
91217
91218
91219
91220
91221
91222
91223
91224
91225
91226
91227
91228
91229
91230
91231
91232
91233
91234
91235
91236
91237
91238
91239
91240
91241
91242
91243
91244
91245
91246
91247
91248
91249
91250
91251
91252
91253
91254
91255
91256
91257
91258
91259
91260
91261
91262
91263
91264
91265
91266
91267
91268
91269
91270
91271
91272
91273
91274
91275
91276
91277
91278
91279
91280
91281
91282
91283
91284
91285
91286
91287
91288
91289
91290
91291
91292
91293
91294
91295
91296
91297
91298
91299
91300
91301
91302
91303
91304
91305
91306
91307
91308
91309
91310
91311
91312
91313
91314
91315
91316
91317
91318
91319
91320
91321
91322
91323
91324
91325
91326
91327
91328
91329
91330
91331
91332
91333
91334
91335
91336
91337
91338
91339
91340
91341
91342
91343
91344
91345
91346
91347
91348
91349
91350
91351
91352
91353
91354
91355
