--------[ 2017-03-01 00:00:00 -0500 ]

FbusL.s2.detmap =
      3    16    32    47     1  1881
      3    16     0    15    17  1881
      4    11    16    31     1  1877
      4    11     0    15    17  1877
FbusL.s2.npaddles = 16
FbusL.s2.position = -0.121  0  3.179
FbusL.s2.size = 1.118  0.216  0.05
FbusL.s2.L.off =  1624.5 1518.24  1521.8  1518.93  1521.8  1521.52  1522.81  1523.97  1521.75  1520.69  1521.45  1515.92  1517.26  1517.21  1520.78  1632.5

FbusL.s2.R.off = 1565.6 1578.57  1573.84  1577.54  1578.92  1576.26  1579.26  1577.64  1578.57  1579.5  1579.63  1578.92  1578.62  1579.13  1577.93 1570.6

FbusL.s2.L.ped = 419.0  455.6  449.4  416.6  500.3  451.2  553.9  430.8  534.8  497.1  510.6  398.2  528.4  524.2  465.3  512.3

FbusL.s2.R.ped = 422.0  402.9  416.5  385.0  510.3  523.7  567.1  543.6  424.9  459.2  480.8  460.0  487.1  491.2  410.0  470.2

FbusL.s2.L.gain = 1.00   1.04   0.95   1.02   0.99   1.04   0.99   1.01   1.01   1.02   1.00   1.05   0.99   1.02   0.98   1.06 

FbusL.s2.R.gain = 1.03   1.02   1.04   1.00   0.99   1.02   1.03   0.96   1.01   1.01   0.99   1.02   1.01   1.04   1.05   1.01

FbusL.s2.avgres = 1e-10
FbusL.s2.atten = 0.7
FbusL.s2.Cn = 1.26193e+08
FbusL.s2.MIP = 1e+10
FbusL.s2.tdc.res = 5e-10
FbusL.s2.timewalk_params =
   0  0  0  0  0  0  0  0  0  0  0  0  0  0  0  0
   0  0  0  0  0  0  0  0  0  0  0  0  0  0  0  0
FbusL.s2.retiming_offsets = 0  0  0  0  0  0  0  0  0  0  0  0  0  0  0  0

