--------[ 2018-01-11 17:25:00 -0500 ]

L.s2.detmap =
      31    7     0    15     1  250
      31    6     0    15    17  250
      4    11    16    31     1  1877
      4    11     0    15    17  1877
L.s2.npaddles = 16
L.s2.position = -0.121  0  3.179
L.s2.size = 2.236  0.432  0.05
L.s2.L.off =  1624.5 1518.24  1521.8  1518.93  1521.8  1521.52  1522.81  1523.97  1521.75  1520.69  1521.45  1515.92  1517.26  1517.21  1520.78  1632.5

L.s2.R.off = 1565.6 1578.57  1573.84  1577.54  1578.92  1576.26  1579.26  1577.64  1578.57  1579.5  1579.63  1578.92  1578.62  1579.13  1577.93 1570.6

L.s2.L.ped = 4047.1  5425.2  4962.8  4933.1  4998.3  5985.0  4796.8  4334.6  5286.4  4796.1  5610.2  6068.6  5531.1  6096.3     4864.0  4942.8
L.s2.R.ped = 4167.8  5417.9  3757.4  4095.5  6147.3  5572.4  3855.0  4613.8  5418.3  4746.0  5209.7  3929.2 6087.4  5245.4  5054.8  4548.3 
L.s2.L.gain = 1.00   1.04   0.95   1.02   0.99   1.04   0.99   1.01   1.01   1.02   1.00   1.05   0.99   1.02   0.98   1.06

L.s2.R.gain = 1.03   1.02   1.04   1.00   0.99   1.02   1.03   0.96   1.01   1.01   0.99   1.02   1.01   1.04   1.05   1.01

L.s2.avgres = 1e-10
L.s2.atten = 0.7
L.s2.Cn = 1.26193e+08
L.s2.MIP = 1e+10
L.s2.tdc.res = 5e-10
L.s2.timewalk_params =
   0  0  0  0  0  0  0  0  0  0  0  0  0  0  0  0
   0  0  0  0  0  0  0  0  0  0  0  0  0  0  0  0
L.s2.retiming_offsets = 0  0  0  0  0  0  0  0  0  0  0  0  0  0  0  0
L.s2.NPED = 15
L.s2.Win = 55


--------[ 2017-03-01 00:00:00 -0500 ]

L.s2.detmap =
      31    7     0    15     1  250
      31    6     0    15    17  250
      4    11    16    31     1  1877
      4    11     0    15    17  1877
L.s2.npaddles = 16
L.s2.position = -0.121  0  3.179
L.s2.size = 2.236  0.432  0.05
L.s2.L.off =  1624.5 1518.24  1521.8  1518.93  1521.8  1521.52  1522.81  1523.97  1521.75  1520.69  1521.45  1515.92  1517.26  1517.21  1520.78  1632.5

L.s2.R.off = 1565.6 1578.57  1573.84  1577.54  1578.92  1576.26  1579.26  1577.64  1578.57  1579.5  1579.63  1578.92  1578.62  1579.13  1577.93 1570.6

L.s2.L.ped = 4047.1  5425.2  4962.8  4933.1  4998.3  5985.0  4796.8  4334.6  5286.4  4796.1  5610.2  6068.6  5531.1  6096.3     4864.0  4942.8
L.s2.R.ped = 4167.8  5417.9  3757.4  4095.5  6147.3  5572.4  3855.0  4613.8  5418.3  4746.0  5209.7  3929.2 6087.4  5245.4  5054.8  4548.3 
L.s2.L.gain = 1.00   1.04   0.95   1.02   0.99   1.04   0.99   1.01   1.01   1.02   1.00   1.05   0.99   1.02   0.98   1.06

L.s2.R.gain = 1.03   1.02   1.04   1.00   0.99   1.02   1.03   0.96   1.01   1.01   0.99   1.02   1.01   1.04   1.05   1.01

L.s2.avgres = 1e-10
L.s2.atten = 0.7
L.s2.Cn = 1.26193e+08
L.s2.MIP = 1e+10
L.s2.tdc.res = 5e-10
L.s2.timewalk_params =
   0  0  0  0  0  0  0  0  0  0  0  0  0  0  0  0
   0  0  0  0  0  0  0  0  0  0  0  0  0  0  0  0
L.s2.retiming_offsets = 0  0  0  0  0  0  0  0  0  0  0  0  0  0  0  0
L.s2.NPED = 15
L.s2.Win = 50

