--------[ 2017-03-01 00:00:00 -0500 ]

L.vdc.nwires = 368
L.vdc.wire.spacing = -0.0042426
L.vdc.tdc.min = 800
L.vdc.tdc.max = 2200
L.vdc.tdc.res = 5e-10
L.vdc.ttd.param =
    2.12e-03   0.00e+00   0.00e+00   0.00e+00
   -4.20e-04   1.30e-03   1.06e-04   0.00e+00
    4.00e-09
L.vdc.t0.res = 6e-08
L.vdc.clust.minsize = 3
L.vdc.clust.maxspan = 7
L.vdc.maxgap = 0
L.vdc.tdiff.min = 3e-08
L.vdc.tdiff.max = 2.0e-07
L.vdc.u1.detmap =
     4   10    0   95    0
     4    9    0   95   96
     4    8    0   95  192
     4    7    0   79  288
L.vdc.u1.position = 0  0  0
L.vdc.u1.wire.start = 0.77852
L.vdc.u1.wire.angle = -45
L.vdc.u1.driftvel = 49280
L.vdc.u1.tdc.offsets =
     1944    1944    1944    1944    1944    1944    1944    1944
     1944    1944    1944    1944    1944    1944    1944    1944
     1944    1944    1944    1944    1944    1944    1944    1944
     1944    1944    1944    1944    1944    1944    1944    1944
   1944.7  1944.7  1944.7  1944.7  1944.7  1944.7  1944.7  1944.7
   1944.7  1944.7  1944.7  1944.7  1944.7  1944.7  1944.7  1944.7
   1945.5  1945.5  1945.5  1945.5  1945.5  1945.5  1945.5  1945.5
   1945.5  1945.5  1945.5  1945.5  1945.5  1945.5  1945.5  1945.5
   1945.6  1945.6  1945.6  1945.6  1945.6  1945.6  1945.6  1945.6
   1945.6  1945.6  1945.6  1945.6  1945.6  1945.6  1945.6  1945.6
   1946.1  1946.1  1946.1  1946.1  1946.1  1946.1  1946.1  1946.1
   1946.1  1946.1  1946.1  1946.1  1946.1  1946.1  1946.1  1946.1
   1950.4  1950.4  1950.4  1950.4  1950.4  1950.4  1950.4  1950.4
   1950.4  1950.4  1950.4  1950.4  1950.4  1950.4  1950.4  1950.4
   1948.9  1948.9  1948.9  1948.9  1948.9  1948.9  1948.9  1948.9
   1948.9  1948.9  1948.9  1948.9  1948.9  1948.9  1948.9  1948.9
   1948.1  1948.1  1948.1  1948.1  1948.1  1948.1  1948.1  1948.1
   1948.1  1948.1  1948.1  1948.1  1948.1  1948.1  1948.1  1948.1
   1946.7  1946.7  1946.7  1946.7  1946.7  1946.7  1946.7  1946.7
   1946.7  1946.7  1946.7  1946.7  1946.7  1946.7  1946.7  1946.7
   1943.7  1943.7  1943.7  1943.7  1943.7  1943.7  1943.7  1943.7
   1943.7  1943.7  1943.7  1943.7  1943.7  1943.7  1943.7  1943.7
   1942.8  1942.8  1942.8  1942.8  1942.8  1942.8  1942.8  1942.8
   1942.8  1942.8  1942.8  1942.8  1942.8  1942.8  1942.8  1942.8
   1950.5  1950.5  1950.5  1950.5  1950.5  1950.5  1950.5  1950.5
   1950.5  1950.5  1950.5  1950.5  1950.5  1950.5  1950.5  1950.5
   1946.6  1946.6  1946.6  1946.6  1946.6  1946.6  1946.6  1946.6
   1946.6  1946.6  1946.6  1946.6  1946.6  1946.6  1946.6  1946.6
   1949.7  1949.7  1949.7  1949.7  1949.7  1949.7  1949.7  1949.7
   1949.7  1949.7  1949.7  1949.7  1949.7  1949.7  1949.7  1949.7
   1947.4  1947.4  1947.4  1947.4  1947.4  1947.4  1947.4  1947.4
   1947.4  1947.4  1947.4  1947.4  1947.4  1947.4  1947.4  1947.4
   1950.2  1950.2  1950.2  1950.2  1950.2  1950.2  1950.2  1950.2
   1950.2  1950.2  1950.2  1950.2  1950.2  1950.2  1950.2  1950.2
   1950.3  1950.3  1950.3  1950.3  1950.3  1950.3  1950.3  1950.3
   1950.3  1950.3  1950.3  1950.3  1950.3  1950.3  1950.3  1950.3
   1951.6  1951.6  1951.6  1951.6  1951.6  1951.6  1951.6  1951.6
   1951.6  1951.6  1951.6  1951.6  1951.6  1951.6  1951.6  1951.6
   1949.8  1949.8  1949.8  1949.8  1949.8  1949.8  1949.8  1949.8
   1949.8  1949.8  1949.8  1949.8  1949.8  1949.8  1949.8  1949.8
     1950    1950    1950    1950    1950    1950    1950    1950
     1950    1950    1950    1950    1950    1950    1950    1950
     1950    1950    1950    1950    1950    1950    1950    1950
     1950    1950    1950    1950    1950    1950    1950    1950
     1950    1950    1950    1950    1950    1950    1950    1950
     1950    1950    1950    1950    1950    1950    1950    1950
L.vdc.v1.detmap =
     5   20    0   95    0
     5   19    0   95   96
     5   18    0   95  192
     5   17    0   79  288
L.vdc.v1.position = 0  0  0.026
L.vdc.v1.wire.start = 0.77852
L.vdc.v1.wire.angle = 45
L.vdc.v1.driftvel = 49130
L.vdc.v1.tdc.offsets =
     1952    1952    1952    1952    1952    1952    1952    1952
     1952    1952    1952    1952    1952    1952    1952    1952
     1952    1952    1952    1952    1952    1952    1952    1952
     1952    1952    1952    1952    1952    1952    1952    1952
   1952.7  1952.7  1952.7  1952.7  1952.7  1952.7  1952.7  1952.7
   1952.7  1952.7  1952.7  1952.7  1952.7  1952.7  1952.7  1952.7
   1946.7  1946.7  1946.7  1946.7  1946.7  1946.7  1946.7  1946.7
   1946.7  1946.7  1946.7  1946.7  1946.7  1946.7  1946.7  1946.7
   1949.9  1949.9  1949.9  1949.9  1949.9  1949.9  1949.9  1949.9
   1949.9  1949.9  1949.9  1949.9  1949.9  1949.9  1949.9  1949.9
   1948.4  1948.4  1948.4  1948.4  1948.4  1948.4  1948.4  1948.4
   1948.4  1948.4  1948.4  1948.4  1948.4  1948.4  1948.4  1948.4
   1956.7  1956.7  1956.7  1956.7  1956.7  1956.7  1956.7  1956.7
   1956.7  1956.7  1956.7  1956.7  1956.7  1956.7  1956.7  1956.7
   1955.2  1955.2  1955.2  1955.2  1955.2  1955.2  1955.2  1955.2
   1955.2  1955.2  1955.2  1955.2  1955.2  1955.2  1955.2  1955.2
   1956.3  1956.3  1956.3  1956.3  1956.3  1956.3  1956.3  1956.3
   1956.3  1956.3  1956.3  1956.3  1956.3  1956.3  1956.3  1956.3
   1949.2  1949.2  1949.2  1949.2  1949.2  1949.2  1949.2  1949.2
   1949.2  1949.2  1949.2  1949.2  1949.2  1949.2  1949.2  1949.2
   1953.3  1953.3  1953.3  1953.3  1953.3  1953.3  1953.3  1953.3
   1953.3  1953.3  1953.3  1953.3  1953.3  1953.3  1953.3  1953.3
   1950.2  1950.2  1950.2  1950.2  1950.2  1950.2  1950.2  1950.2
   1950.2  1950.2  1950.2  1950.2  1950.2  1950.2  1950.2  1950.2
   1954.1  1954.1  1954.1  1954.1  1954.1  1954.1  1954.1  1954.1
   1954.1  1954.1  1954.1  1954.1  1954.1  1954.1  1954.1  1954.1
   1954.8  1954.8  1954.8  1954.8  1954.8  1954.8  1954.8  1954.8
   1954.8  1954.8  1954.8  1954.8  1954.8  1954.8  1954.8  1954.8
   1953.1  1953.1  1953.1  1953.1  1953.1  1953.1  1953.1  1953.1
   1953.1  1953.1  1953.1  1953.1  1953.1  1953.1  1953.1  1953.1
   1956.7  1956.7  1956.7  1956.7  1956.7  1956.7  1956.7  1956.7
   1956.7  1956.7  1956.7  1956.7  1956.7  1956.7  1956.7  1956.7
   1957.6  1957.6  1957.6  1957.6  1957.6  1957.6  1957.6  1957.6
   1957.6  1957.6  1957.6  1957.6  1957.6  1957.6  1957.6  1957.6
   1957.6  1957.6  1957.6  1957.6  1957.6  1957.6  1957.6  1957.6
   1957.6  1957.6  1957.6  1957.6  1957.6  1957.6  1957.6  1957.6
   1962.4  1962.4  1962.4  1962.4  1962.4  1962.4  1962.4  1962.4
   1962.4  1962.4  1962.4  1962.4  1962.4  1962.4  1962.4  1962.4
   1957.9  1957.9  1957.9  1957.9  1957.9  1957.9  1957.9  1957.9
   1957.9  1957.9  1957.9  1957.9  1957.9  1957.9  1957.9  1957.9
     1958    1958    1958    1958    1958    1958    1958    1958
     1958    1958    1958    1958    1958    1958    1958    1958
     1958    1958    1958    1958    1958    1958    1958    1958
     1958    1958    1958    1958    1958    1958    1958    1958
     1958    1958    1958    1958    1958    1958    1958    1958
     1958    1958    1958    1958    1958    1958    1958    1958
L.vdc.u2.detmap =
     4    3    0   95    0
     4    4    0   95   96
     4    5    0   95  192
     4    6    0   79  288
L.vdc.u2.position = 0  0  0.3348
L.vdc.u2.wire.start = 1.02718
L.vdc.u2.wire.angle = -45
L.vdc.u2.driftvel = 49730
L.vdc.u2.tdc.offsets =
     1936    1936    1936    1936    1936    1936    1936    1936
     1936    1936    1936    1936    1936    1936    1936    1936
   1936.5  1936.5  1936.5  1936.5  1936.5  1936.5  1936.5  1936.5
   1936.5  1936.5  1936.5  1936.5  1936.5  1936.5  1936.5  1936.5
     1937    1937    1937    1937    1937    1937    1937    1937
     1937    1937    1937    1937    1937    1937    1937    1937
   1935.4  1935.4  1935.4  1935.4  1935.4  1935.4  1935.4  1935.4
   1935.4  1935.4  1935.4  1935.4  1935.4  1935.4  1935.4  1935.4
   1931.8  1931.8  1931.8  1931.8  1931.8  1931.8  1931.8  1931.8
   1931.8  1931.8  1931.8  1931.8  1931.8  1931.8  1931.8  1931.8
   1933.8  1933.8  1933.8  1933.8  1933.8  1933.8  1933.8  1933.8
   1933.8  1933.8  1933.8  1933.8  1933.8  1933.8  1933.8  1933.8
   1947.3  1947.3  1947.3  1947.3  1947.3  1947.3  1947.3  1947.3
   1947.3  1947.3  1947.3  1947.3  1947.3  1947.3  1947.3  1947.3
     1943    1943    1943    1943    1943    1943    1943    1943
     1943    1943    1943    1943    1943    1943    1943    1943
   1942.9  1942.9  1942.9  1942.9  1942.9  1942.9  1942.9  1942.9
   1942.9  1942.9  1942.9  1942.9  1942.9  1942.9  1942.9  1942.9
   1938.2  1938.2  1938.2  1938.2  1938.2  1938.2  1938.2  1938.2
   1938.2  1938.2  1938.2  1938.2  1938.2  1938.2  1938.2  1938.2
   1940.1  1940.1  1940.1  1940.1  1940.1  1940.1  1940.1  1940.1
   1940.1  1940.1  1940.1  1940.1  1940.1  1940.1  1940.1  1940.1
   1940.8  1940.8  1940.8  1940.8  1940.8  1940.8  1940.8  1940.8
   1940.8  1940.8  1940.8  1940.8  1940.8  1940.8  1940.8  1940.8
   1944.2  1944.2  1944.2  1944.2  1944.2  1944.2  1944.2  1944.2
   1944.2  1944.2  1944.2  1944.2  1944.2  1944.2  1944.2  1944.2
   1943.2  1943.2  1943.2  1943.2  1943.2  1943.2  1943.2  1943.2
   1943.2  1943.2  1943.2  1943.2  1943.2  1943.2  1943.2  1943.2
   1944.5  1944.5  1944.5  1944.5  1944.5  1944.5  1944.5  1944.5
   1944.5  1944.5  1944.5  1944.5  1944.5  1944.5  1944.5  1944.5
   1942.3  1942.3  1942.3  1942.3  1942.3  1942.3  1942.3  1942.3
   1942.3  1942.3  1942.3  1942.3  1942.3  1942.3  1942.3  1942.3
     1943    1943    1943    1943    1943    1943    1943    1943
     1943    1943    1943    1943    1943    1943    1943    1943
   1943.8  1943.8  1943.8  1943.8  1943.8  1943.8  1943.8  1943.8
   1943.8  1943.8  1943.8  1943.8  1943.8  1943.8  1943.8  1943.8
   1948.5  1948.5  1948.5  1948.5  1948.5  1948.5  1948.5  1948.5
   1948.5  1948.5  1948.5  1948.5  1948.5  1948.5  1948.5  1948.5
   1945.6  1945.6  1945.6  1945.6  1945.6  1945.6  1945.6  1945.6
   1945.6  1945.6  1945.6  1945.6  1945.6  1945.6  1945.6  1945.6
   1945.4  1945.4  1945.4  1945.4  1945.4  1945.4  1945.4  1945.4
   1945.4  1945.4  1945.4  1945.4  1945.4  1945.4  1945.4  1945.4
     1945    1945    1945    1945    1945    1945    1945    1945
     1945    1945    1945    1945    1945    1945    1945    1945
     1945    1945    1945    1945    1945    1945    1945    1945
     1945    1945    1945    1945    1945    1945    1945    1945
L.vdc.v2.detmap =
     5   24    0   95    0
     5   23    0   95   96
     5   22    0   95  192
     5   21    0   79  288
L.vdc.v2.position = 0  0  0.3609
L.vdc.v2.wire.start = 1.02718
L.vdc.v2.wire.angle = 45
L.vdc.v2.driftvel = 49190
L.vdc.v2.tdc.offsets =
     1948    1948    1948    1948    1948    1948    1948    1948
     1948    1948    1948    1948    1948    1948    1948    1948
     1948    1948    1948    1948    1948    1948    1948    1948
     1948    1948    1948    1948    1948    1948    1948    1948
   1948.9  1948.9  1948.9  1948.9  1948.9  1948.9  1948.9  1948.9
   1948.9  1948.9  1948.9  1948.9  1948.9  1948.9  1948.9  1948.9
   1944.1  1944.1  1944.1  1944.1  1944.1  1944.1  1944.1  1944.1
   1944.1  1944.1  1944.1  1944.1  1944.1  1944.1  1944.1  1944.1
   1947.1  1947.1  1947.1  1947.1  1947.1  1947.1  1947.1  1947.1
   1947.1  1947.1  1947.1  1947.1  1947.1  1947.1  1947.1  1947.1
   1947.1  1947.1  1947.1  1947.1  1947.1  1947.1  1947.1  1947.1
   1947.1  1947.1  1947.1  1947.1  1947.1  1947.1  1947.1  1947.1
   1953.1  1953.1  1953.1  1953.1  1953.1  1953.1  1953.1  1953.1
   1953.1  1953.1  1953.1  1953.1  1953.1  1953.1  1953.1  1953.1
   1953.3  1953.3  1953.3  1953.3  1953.3  1953.3  1953.3  1953.3
   1953.3  1953.3  1953.3  1953.3  1953.3  1953.3  1953.3  1953.3
   1950.7  1950.7  1950.7  1950.7  1950.7  1950.7  1950.7  1950.7
   1950.7  1950.7  1950.7  1950.7  1950.7  1950.7  1950.7  1950.7
   1945.9  1945.9  1945.9  1945.9  1945.9  1945.9  1945.9  1945.9
   1945.9  1945.9  1945.9  1945.9  1945.9  1945.9  1945.9  1945.9
   1945.2  1945.2  1945.2  1945.2  1945.2  1945.2  1945.2  1945.2
   1945.2  1945.2  1945.2  1945.2  1945.2  1945.2  1945.2  1945.2
   1947.3  1947.3  1947.3  1947.3  1947.3  1947.3  1947.3  1947.3
   1947.3  1947.3  1947.3  1947.3  1947.3  1947.3  1947.3  1947.3
   1955.3  1955.3  1955.3  1955.3  1955.3  1955.3  1955.3  1955.3
   1955.3  1955.3  1955.3  1955.3  1955.3  1955.3  1955.3  1955.3
   1948.5  1948.5  1948.5  1948.5  1948.5  1948.5  1948.5  1948.5
   1948.5  1948.5  1948.5  1948.5  1948.5  1948.5  1948.5  1948.5
   1948.5  1948.5  1948.5  1948.5  1948.5  1948.5  1948.5  1948.5
   1948.5  1948.5  1948.5  1948.5  1948.5  1948.5  1948.5  1948.5
   1949.3  1949.3  1949.3  1949.3  1949.3  1949.3  1949.3  1949.3
   1949.3  1949.3  1949.3  1949.3  1949.3  1949.3  1949.3  1949.3
   1951.2  1951.2  1951.2  1951.2  1951.2  1951.2  1951.2  1951.2
   1951.2  1951.2  1951.2  1951.2  1951.2  1951.2  1951.2  1951.2
   1949.4  1949.4  1949.4  1949.4  1949.4  1949.4  1949.4  1949.4
   1949.4  1949.4  1949.4  1949.4  1949.4  1949.4  1949.4  1949.4
   1955.4  1955.4  1955.4  1955.4  1955.4  1955.4  1955.4  1955.4
   1955.4  1955.4  1955.4  1955.4  1955.4  1955.4  1955.4  1955.4
   1950.6  1950.6  1950.6  1950.6  1950.6  1950.6  1950.6  1950.6
   1950.6  1950.6  1950.6  1950.6  1950.6  1950.6  1950.6  1950.6
   1957.3  1957.3  1957.3  1957.3  1957.3  1957.3  1957.3  1957.3
   1957.3  1957.3  1957.3  1957.3  1957.3  1957.3  1957.3  1957.3
     1957    1957    1957    1957    1957    1957    1957    1957
     1957    1957    1957    1957    1957    1957    1957    1957
     1957    1957    1957    1957    1957    1957    1957    1957
     1957    1957    1957    1957    1957    1957    1957    1957
L.vdc.matrixelem = 
  t 0 0 0 -1.001135e+00 -3.313373e-01 -4.290819e-02  4.470852e-03
  y 0 0 0 -8.060915e-03  1.071977e-03  9.019102e-04 -3.239615e-04
  p 0 0 0 -2.861912e-03 -2.469069e-03  8.427172e-03  2.274635e-03
  D 0 0 0  5.118113e-04  8.522775e-02  6.346834e-03 -4.637195e-03  1.476364e-02
  D 1 0 0 -4.247550e-02  2.417700e-01  5.706905e-02 -4.025159e-03
  D 2 0 0 -4.331429e+00  5.326924e+00 -7.478135e+00
  D 3 0 0  3.167055e+01  9.678060e+01
  D 4 0 0 -8.475406e+03
  D 0 0 2  1.657123e-01 -8.826997e-01  3.245634e+00
  D 0 2 0  8.754870e-01  5.443126e-01  4.792556e+00
  D 0 1 1 -1.486998e-01  1.204271e+00  6.101041e-01
  D 1 2 0 -6.488178e+01  2.017449e+00
  D 1 0 2  6.270685e+00 -6.204080e+01
  D 1 1 1  4.413440e+00 -6.221572e+01
  D 2 0 2 -1.306661e+01
  D 2 1 1 -2.466953e+03
  D 2 2 0 -3.635787e+02
  D 0 1 3  2.868957e+02
  D 0 3 1  1.584274e+03
  D 0 0 4 -4.392377e+01
  D 0 4 0 -4.708602e+02
  D 0 2 2 -1.706259e+03
  T 0 1 1  1.783506e-02  1.150902e-02  3.780249e-01
  T 1 1 1 -1.273165e+01  1.098221e+00
  T 0 0 2  4.859896e-01  2.281832e-01 -2.116492e-01
  T 1 0 2 -5.997432e+00
  T 0 2 0  6.071349e-02  1.765667e-01
  T 1 2 0 -4.071820e+00
  T 0 4 0  8.343406e+01
  T 0 0 4 -1.414436e+02
  T 0 2 2 -1.597336e+02
  T 0 1 3 -9.753669e+01
  T 0 3 1 -8.371638e+01
  T 0 0 0 -1.781180e-05  1.861739e-03 -5.857662e-03  6.576220e-03  1.734984e-02
  T 1 0 0 -2.495559e+00  5.845019e-01 -4.126369e-02  2.319888e-02
  T 2 0 0 -5.160508e+00  3.238597e+00 -1.188220e+00
  T 3 0 0  7.645210e+01 -7.471848e+01
  P 0 0 1 -6.416418e-01 -1.516061e-01  2.376793e-01 -7.524555e-02
  P 0 1 0 -3.354223e-01  3.461923e-01 -6.407068e-02  4.204996e-02
  P 1 0 1  5.089909e+00 -1.010931e+00  1.544407e+00
  P 1 1 0  2.746141e+00  7.610928e-01 -8.872338e-01
  P 2 0 1 -1.471478e+01 -1.285734e+02
  P 2 1 0 -1.109194e+02  5.348928e+01
  P 3 0 1  3.620597e+02
  P 0 0 3  1.281770e+01  4.706476e+00
  P 0 1 2 -1.453998e+01 -3.866963e+01
  P 0 2 1  7.417100e-02 -1.332939e+00
  P 0 3 0 -6.185484e+00 -7.713538e+00
  P 1 0 3 -1.233495e+02
  P 1 1 2 -1.324530e+02
  P 1 2 1 -1.108132e+02
  P 1 3 0 -3.740639e+01
  P 0 0 0  3.272442e-04  2.741277e-04 -3.420950e-03 -1.728306e-03
  P 1 0 0 -1.474144e-03 -5.326865e-03  3.790039e-02
  P 2 0 0  2.344971e-01 -4.981099e-01
  P 3 0 0  5.473117e+00
  Y 0 0 1  8.092990e-01 -1.167929e+00 -5.895361e-01  7.600874e-02
  Y 0 1 0 -1.169248e+00 -7.862431e-01  1.309174e-01  4.636294e-02
  Y 1 0 1 -6.250697e-01 -7.839682e+00 -1.870098e+00
  Y 1 1 0 -1.228098e+01 -7.547900e-01 -9.910216e-01
  Y 2 0 1  4.202017e+02  2.384554e+02
  Y 2 1 0  3.491839e+02 -1.316841e+02
  Y 0 0 2  7.167353e-01  3.023864e-02 -6.472063e-03
  Y 0 2 0 -1.465311e-01  1.476859e-01  4.053558e-01
  Y 0 1 1 -3.727487e-01 -1.705277e-01  5.419952e-01
  Y 1 2 0 -1.408616e+01  8.153418e+00
  Y 1 0 2  9.465554e+00  1.060838e+01
  Y 1 1 1 -5.251493e+00 -1.225178e+01
  Y 2 2 0 -8.116510e+02
  Y 0 4 0 -2.306363e+01
  Y 0 3 1 -2.277223e+01
  Y 0 2 2 -1.003132e+02
  Y 0 1 3  4.432425e+02
  Y 0 0 4 -6.122776e+02
  Y 0 1 2  1.309685e+01  1.782703e+01
  Y 0 2 1  1.539876e+01  2.829157e+01
  Y 0 3 0  2.111864e+01  3.112986e+00
  Y 0 0 3  1.272106e+01  2.641327e+01
  Y 1 0 3  4.513381e+02
  Y 0 0 0 -6.035757e-04  8.072706e-04  7.046051e-03 -4.592096e-03 -8.624098e-03
  Y 1 0 0 -4.108575e-02 -1.915653e-02  7.120791e-03  6.288005e-02
  Y 2 0 0 -6.616459e-01  1.240900e-01  1.147779e+00
  Y 3 0 0  2.097072e+01  3.391329e+01
  Y 4 0 0 -2.318644e+02
  L 0 0 0 0  2.571300e+01
  L 1 0 0 0  1.650000e-01
  L 2 0 0 0 -5.000000e-02
  L 0 1 0 0 -1.165540e+01
  L 0 2 0 0 -9.495100e+00


--------[ 2017-11-20 15:00:00 -0500 ]
L.vdc.u1.tdc.offsets=
1843.3 1843.3 1843.3 1843.3 1843.3 1843.3 1843.3 1843.3 
1843.3 1843.3 1843.3 1843.3 1843.3 1843.3 1843.3 1843.3 
1838.8 1838.8 1838.8 1838.8 1838.8 1838.8 1838.8 1838.8 
1838.8 1838.8 1838.8 1838.8 1838.8 1838.8 1838.8 1838.8 
1842.7 1842.7 1842.7 1842.7 1842.7 1842.7 1842.7 1842.7 
1842.7 1842.7 1842.7 1842.7 1842.7 1842.7 1842.7 1842.7 
1836.7 1836.7 1836.7 1836.7 1836.7 1836.7 1836.7 1836.7 
1836.7 1836.7 1836.7 1836.7 1836.7 1836.7 1836.7 1836.7 
1836.8 1836.8 1836.8 1836.8 1836.8 1836.8 1836.8 1836.8 
1836.8 1836.8 1836.8 1836.8 1836.8 1836.8 1836.8 1836.8 
1837.1 1837.1 1837.1 1837.1 1837.1 1837.1 1837.1 1837.1 
1837.1 1837.1 1837.1 1837.1 1837.1 1837.1 1837.1 1837.1 
1840.5 1840.5 1840.5 1840.5 1840.5 1840.5 1840.5 1840.5 
1840.5 1840.5 1840.5 1840.5 1840.5 1840.5 1840.5 1840.5 
1833.4 1833.4 1833.4 1833.4 1833.4 1833.4 1833.4 1833.4 
1833.4 1833.4 1833.4 1833.4 1833.4 1833.4 1833.4 1833.4 
1834.1 1834.1 1834.1 1834.1 1834.1 1834.1 1834.1 1834.1 
1834.1 1834.1 1834.1 1834.1 1834.1 1834.1 1834.1 1834.1 
1836.3 1836.3 1836.3 1836.3 1836.3 1836.3 1836.3 1836.3 
1836.3 1836.3 1836.3 1836.3 1836.3 1836.3 1836.3 1836.3 
1831.7 1831.7 1831.7 1831.7 1831.7 1831.7 1831.7 1831.7 
1831.7 1831.7 1831.7 1831.7 1831.7 1831.7 1831.7 1831.7 
1832.4 1832.4 1832.4 1832.4 1832.4 1832.4 1832.4 1832.4 
1832.4 1832.4 1832.4 1832.4 1832.4 1832.4 1832.4 1832.4 
1836.5 1836.5 1836.5 1836.5 1836.5 1836.5 1836.5 1836.5 
1836.5 1836.5 1836.5 1836.5 1836.5 1836.5 1836.5 1836.5 
1834.6 1834.6 1834.6 1834.6 1834.6 1834.6 1834.6 1834.6 
1834.6 1834.6 1834.6 1834.6 1834.6 1834.6 1834.6 1834.6 
1834.6 1834.6 1834.6 1834.6 1834.6 1834.6 1834.6 1834.6 
1834.6 1834.6 1834.6 1834.6 1834.6 1834.6 1834.6 1834.6 
1827.8 1827.8 1827.8 1827.8 1827.8 1827.8 1827.8 1827.8 
1827.8 1827.8 1827.8 1827.8 1827.8 1827.8 1827.8 1827.8 
1832.3 1832.3 1832.3 1832.3 1832.3 1832.3 1832.3 1832.3 
1832.3 1832.3 1832.3 1832.3 1832.3 1832.3 1832.3 1832.3 
1830.5 1830.5 1830.5 1830.5 1830.5 1830.5 1830.5 1830.5 
1830.5 1830.5 1830.5 1830.5 1830.5 1830.5 1830.5 1830.5 
1830.4 1830.4 1830.4 1830.4 1830.4 1830.4 1830.4 1830.4 
1830.4 1830.4 1830.4 1830.4 1830.4 1830.4 1830.4 1830.4 
1827.3 1827.3 1827.3 1827.3 1827.3 1827.3 1827.3 1827.3 
1827.3 1827.3 1827.3 1827.3 1827.3 1827.3 1827.3 1827.3 
1833.3 1833.3 1833.3 1833.3 1833.3 1833.3 1833.3 1833.3 
1833.3 1833.3 1833.3 1833.3 1833.3 1833.3 1833.3 1833.3 
1825.4 1825.4 1825.4 1825.4 1825.4 1825.4 1825.4 1825.4 
1825.4 1825.4 1825.4 1825.4 1825.4 1825.4 1825.4 1825.4 
1825.4 1825.4 1825.4 1825.4 1825.4 1825.4 1825.4 1825.4 
1825.4 1825.4 1825.4 1825.4 1825.4 1825.4 1825.4 1825.4 

L.vdc.v1.tdc.offsets=
1844.9 1844.9 1844.9 1844.9 1844.9 1844.9 1844.9 1844.9 
1844.9 1844.9 1844.9 1844.9 1844.9 1844.9 1844.9 1844.9 
1843.4 1843.4 1843.4 1843.4 1843.4 1843.4 1843.4 1843.4 
1843.4 1843.4 1843.4 1843.4 1843.4 1843.4 1843.4 1843.4 
1842.6 1842.6 1842.6 1842.6 1842.6 1842.6 1842.6 1842.6 
1842.6 1842.6 1842.6 1842.6 1842.6 1842.6 1842.6 1842.6 
1838.4 1838.4 1838.4 1838.4 1838.4 1838.4 1838.4 1838.4 
1838.4 1838.4 1838.4 1838.4 1838.4 1838.4 1838.4 1838.4 
1842.0 1842.0 1842.0 1842.0 1842.0 1842.0 1842.0 1842.0 
1842.0 1842.0 1842.0 1842.0 1842.0 1842.0 1842.0 1842.0 
1840.7 1840.7 1840.7 1840.7 1840.7 1840.7 1840.7 1840.7 
1840.7 1840.7 1840.7 1840.7 1840.7 1840.7 1840.7 1840.7 
1842.4 1842.4 1842.4 1842.4 1842.4 1842.4 1842.4 1842.4 
1842.4 1842.4 1842.4 1842.4 1842.4 1842.4 1842.4 1842.4 
1841.9 1841.9 1841.9 1841.9 1841.9 1841.9 1841.9 1841.9 
1841.9 1841.9 1841.9 1841.9 1841.9 1841.9 1841.9 1841.9 
1843.2 1843.2 1843.2 1843.2 1843.2 1843.2 1843.2 1843.2 
1843.2 1843.2 1843.2 1843.2 1843.2 1843.2 1843.2 1843.2 
1841.5 1841.5 1841.5 1841.5 1841.5 1841.5 1841.5 1841.5 
1841.5 1841.5 1841.5 1841.5 1841.5 1841.5 1841.5 1841.5 
1842.7 1842.7 1842.7 1842.7 1842.7 1842.7 1842.7 1842.7 
1842.7 1842.7 1842.7 1842.7 1842.7 1842.7 1842.7 1842.7 
1840.3 1840.3 1840.3 1840.3 1840.3 1840.3 1840.3 1840.3 
1840.3 1840.3 1840.3 1840.3 1840.3 1840.3 1840.3 1840.3 
1841.7 1841.7 1841.7 1841.7 1841.7 1841.7 1841.7 1841.7 
1841.7 1841.7 1841.7 1841.7 1841.7 1841.7 1841.7 1841.7 
1835.7 1835.7 1835.7 1835.7 1835.7 1835.7 1835.7 1835.7 
1835.7 1835.7 1835.7 1835.7 1835.7 1835.7 1835.7 1835.7 
1839.8 1839.8 1839.8 1839.8 1839.8 1839.8 1839.8 1839.8 
1839.8 1839.8 1839.8 1839.8 1839.8 1839.8 1839.8 1839.8 
1835.6 1835.6 1835.6 1835.6 1835.6 1835.6 1835.6 1835.6 
1835.6 1835.6 1835.6 1835.6 1835.6 1835.6 1835.6 1835.6 
1837.0 1837.0 1837.0 1837.0 1837.0 1837.0 1837.0 1837.0 
1837.0 1837.0 1837.0 1837.0 1837.0 1837.0 1837.0 1837.0 
1840.3 1840.3 1840.3 1840.3 1840.3 1840.3 1840.3 1840.3 
1840.3 1840.3 1840.3 1840.3 1840.3 1840.3 1840.3 1840.3 
1837.7 1837.7 1837.7 1837.7 1837.7 1837.7 1837.7 1837.7 
1837.7 1837.7 1837.7 1837.7 1837.7 1837.7 1837.7 1837.7 
1837.6 1837.6 1837.6 1837.6 1837.6 1837.6 1837.6 1837.6 
1837.6 1837.6 1837.6 1837.6 1837.6 1837.6 1837.6 1837.6 
1832.2 1832.2 1832.2 1832.2 1832.2 1832.2 1832.2 1832.2 
1832.2 1832.2 1832.2 1832.2 1832.2 1832.2 1832.2 1832.2 
1834.3 1834.3 1834.3 1834.3 1834.3 1834.3 1834.3 1834.3 
1834.3 1834.3 1834.3 1834.3 1834.3 1834.3 1834.3 1834.3 
1834.3 1834.3 1834.3 1834.3 1834.3 1834.3 1834.3 1834.3 
1834.3 1834.3 1834.3 1834.3 1834.3 1834.3 1834.3 1834.3 

L.vdc.u2.tdc.offsets=
1841.7 1841.7 1841.7 1841.7 1841.7 1841.7 1841.7 1841.7 
1841.7 1841.7 1841.7 1841.7 1841.7 1841.7 1841.7 1841.7 
1836.6 1836.6 1836.6 1836.6 1836.6 1836.6 1836.6 1836.6 
1836.6 1836.6 1836.6 1836.6 1836.6 1836.6 1836.6 1836.6 
1835.4 1835.4 1835.4 1835.4 1835.4 1835.4 1835.4 1835.4 
1835.4 1835.4 1835.4 1835.4 1835.4 1835.4 1835.4 1835.4 
1836.9 1836.9 1836.9 1836.9 1836.9 1836.9 1836.9 1836.9 
1836.9 1836.9 1836.9 1836.9 1836.9 1836.9 1836.9 1836.9 
1835.2 1835.2 1835.2 1835.2 1835.2 1835.2 1835.2 1835.2 
1835.2 1835.2 1835.2 1835.2 1835.2 1835.2 1835.2 1835.2 
1830.4 1830.4 1830.4 1830.4 1830.4 1830.4 1830.4 1830.4 
1830.4 1830.4 1830.4 1830.4 1830.4 1830.4 1830.4 1830.4 
1841.3 1841.3 1841.3 1841.3 1841.3 1841.3 1841.3 1841.3 
1841.3 1841.3 1841.3 1841.3 1841.3 1841.3 1841.3 1841.3 
1836.6 1836.6 1836.6 1836.6 1836.6 1836.6 1836.6 1836.6 
1836.6 1836.6 1836.6 1836.6 1836.6 1836.6 1836.6 1836.6 
1839.2 1839.2 1839.2 1839.2 1839.2 1839.2 1839.2 1839.2 
1839.2 1839.2 1839.2 1839.2 1839.2 1839.2 1839.2 1839.2 
1834.2 1834.2 1834.2 1834.2 1834.2 1834.2 1834.2 1834.2 
1834.2 1834.2 1834.2 1834.2 1834.2 1834.2 1834.2 1834.2 
1837.2 1837.2 1837.2 1837.2 1837.2 1837.2 1837.2 1837.2 
1837.2 1837.2 1837.2 1837.2 1837.2 1837.2 1837.2 1837.2 
1836.8 1836.8 1836.8 1836.8 1836.8 1836.8 1836.8 1836.8 
1836.8 1836.8 1836.8 1836.8 1836.8 1836.8 1836.8 1836.8 
1836.6 1836.6 1836.6 1836.6 1836.6 1836.6 1836.6 1836.6 
1836.6 1836.6 1836.6 1836.6 1836.6 1836.6 1836.6 1836.6 
1838.1 1838.1 1838.1 1838.1 1838.1 1838.1 1838.1 1838.1 
1838.1 1838.1 1838.1 1838.1 1838.1 1838.1 1838.1 1838.1 
1840.4 1840.4 1840.4 1840.4 1840.4 1840.4 1840.4 1840.4 
1840.4 1840.4 1840.4 1840.4 1840.4 1840.4 1840.4 1840.4 
1833.7 1833.7 1833.7 1833.7 1833.7 1833.7 1833.7 1833.7 
1833.7 1833.7 1833.7 1833.7 1833.7 1833.7 1833.7 1833.7 
1833.1 1833.1 1833.1 1833.1 1833.1 1833.1 1833.1 1833.1 
1833.1 1833.1 1833.1 1833.1 1833.1 1833.1 1833.1 1833.1 
1831.9 1831.9 1831.9 1831.9 1831.9 1831.9 1831.9 1831.9 
1831.9 1831.9 1831.9 1831.9 1831.9 1831.9 1831.9 1831.9 
1836.4 1836.4 1836.4 1836.4 1836.4 1836.4 1836.4 1836.4 
1836.4 1836.4 1836.4 1836.4 1836.4 1836.4 1836.4 1836.4 
1831.1 1831.1 1831.1 1831.1 1831.1 1831.1 1831.1 1831.1 
1831.1 1831.1 1831.1 1831.1 1831.1 1831.1 1831.1 1831.1 
1832.8 1832.8 1832.8 1832.8 1832.8 1832.8 1832.8 1832.8 
1832.8 1832.8 1832.8 1832.8 1832.8 1832.8 1832.8 1832.8 
1830.3 1830.3 1830.3 1830.3 1830.3 1830.3 1830.3 1830.3 
1830.3 1830.3 1830.3 1830.3 1830.3 1830.3 1830.3 1830.3 
1830.3 1830.3 1830.3 1830.3 1830.3 1830.3 1830.3 1830.3 
1830.3 1830.3 1830.3 1830.3 1830.3 1830.3 1830.3 1830.3 

L.vdc.v2.tdc.offsets=
1848.5 1848.5 1848.5 1848.5 1848.5 1848.5 1848.5 1848.5 
1848.5 1848.5 1848.5 1848.5 1848.5 1848.5 1848.5 1848.5 
1845.8 1845.8 1845.8 1845.8 1845.8 1845.8 1845.8 1845.8 
1845.8 1845.8 1845.8 1845.8 1845.8 1845.8 1845.8 1845.8 
1846.3 1846.3 1846.3 1846.3 1846.3 1846.3 1846.3 1846.3 
1846.3 1846.3 1846.3 1846.3 1846.3 1846.3 1846.3 1846.3 
1845.9 1845.9 1845.9 1845.9 1845.9 1845.9 1845.9 1845.9 
1845.9 1845.9 1845.9 1845.9 1845.9 1845.9 1845.9 1845.9 
1841.9 1841.9 1841.9 1841.9 1841.9 1841.9 1841.9 1841.9 
1841.9 1841.9 1841.9 1841.9 1841.9 1841.9 1841.9 1841.9 
1842.9 1842.9 1842.9 1842.9 1842.9 1842.9 1842.9 1842.9 
1842.9 1842.9 1842.9 1842.9 1842.9 1842.9 1842.9 1842.9 
1846.4 1846.4 1846.4 1846.4 1846.4 1846.4 1846.4 1846.4 
1846.4 1846.4 1846.4 1846.4 1846.4 1846.4 1846.4 1846.4 
1844.4 1844.4 1844.4 1844.4 1844.4 1844.4 1844.4 1844.4 
1844.4 1844.4 1844.4 1844.4 1844.4 1844.4 1844.4 1844.4 
1840.3 1840.3 1840.3 1840.3 1840.3 1840.3 1840.3 1840.3 
1840.3 1840.3 1840.3 1840.3 1840.3 1840.3 1840.3 1840.3 
1841.0 1841.0 1841.0 1841.0 1841.0 1841.0 1841.0 1841.0 
1841.0 1841.0 1841.0 1841.0 1841.0 1841.0 1841.0 1841.0 
1841.9 1841.9 1841.9 1841.9 1841.9 1841.9 1841.9 1841.9 
1841.9 1841.9 1841.9 1841.9 1841.9 1841.9 1841.9 1841.9 
1839.3 1839.3 1839.3 1839.3 1839.3 1839.3 1839.3 1839.3 
1839.3 1839.3 1839.3 1839.3 1839.3 1839.3 1839.3 1839.3 
1846.5 1846.5 1846.5 1846.5 1846.5 1846.5 1846.5 1846.5 
1846.5 1846.5 1846.5 1846.5 1846.5 1846.5 1846.5 1846.5 
1839.6 1839.6 1839.6 1839.6 1839.6 1839.6 1839.6 1839.6 
1839.6 1839.6 1839.6 1839.6 1839.6 1839.6 1839.6 1839.6 
1842.7 1842.7 1842.7 1842.7 1842.7 1842.7 1842.7 1842.7 
1842.7 1842.7 1842.7 1842.7 1842.7 1842.7 1842.7 1842.7 
1839.0 1839.0 1839.0 1839.0 1839.0 1839.0 1839.0 1839.0 
1839.0 1839.0 1839.0 1839.0 1839.0 1839.0 1839.0 1839.0 
1839.3 1839.3 1839.3 1839.3 1839.3 1839.3 1839.3 1839.3 
1839.3 1839.3 1839.3 1839.3 1839.3 1839.3 1839.3 1839.3 
1838.5 1838.5 1838.5 1838.5 1838.5 1838.5 1838.5 1838.5 
1838.5 1838.5 1838.5 1838.5 1838.5 1838.5 1838.5 1838.5 
1838.6 1838.6 1838.6 1838.6 1838.6 1838.6 1838.6 1838.6 
1838.6 1838.6 1838.6 1838.6 1838.6 1838.6 1838.6 1838.6 
1838.3 1838.3 1838.3 1838.3 1838.3 1838.3 1838.3 1838.3 
1838.3 1838.3 1838.3 1838.3 1838.3 1838.3 1838.3 1838.3 
1840.3 1840.3 1840.3 1840.3 1840.3 1840.3 1840.3 1840.3 
1840.3 1840.3 1840.3 1840.3 1840.3 1840.3 1840.3 1840.3 
1839.6 1839.6 1839.6 1839.6 1839.6 1839.6 1839.6 1839.6 
1839.6 1839.6 1839.6 1839.6 1839.6 1839.6 1839.6 1839.6 
1829.4 1829.4 1829.4 1829.4 1829.4 1829.4 1829.4 1829.4 
1829.4 1829.4 1829.4 1829.4 1829.4 1829.4 1829.4 1829.4 

--------[ 2017-12-14 00:00:00 -0500 ]


L.vdc.u1.tdc.offsets=
1878.3 1878.3 1878.3 1878.3 1878.3 1878.3 1878.3 1878.3 
1878.3 1878.3 1878.3 1878.3 1878.3 1878.3 1878.3 1878.3 
1873.7 1873.7 1873.7 1873.7 1873.7 1873.7 1873.7 1873.7 
1873.7 1873.7 1873.7 1873.7 1873.7 1873.7 1873.7 1873.7 
1875.4 1875.4 1875.4 1875.4 1875.4 1875.4 1875.4 1875.4 
1875.4 1875.4 1875.4 1875.4 1875.4 1875.4 1875.4 1875.4 
1873.8 1873.8 1873.8 1873.8 1873.8 1873.8 1873.8 1873.8 
1873.8 1873.8 1873.8 1873.8 1873.8 1873.8 1873.8 1873.8 
1874.6 1874.6 1874.6 1874.6 1874.6 1874.6 1874.6 1874.6 
1874.6 1874.6 1874.6 1874.6 1874.6 1874.6 1874.6 1874.6 
1876.5 1876.5 1876.5 1876.5 1876.5 1876.5 1876.5 1876.5 
1876.5 1876.5 1876.5 1876.5 1876.5 1876.5 1876.5 1876.5 
1880.8 1880.8 1880.8 1880.8 1880.8 1880.8 1880.8 1880.8 
1880.8 1880.8 1880.8 1880.8 1880.8 1880.8 1880.8 1880.8 
1878.0 1878.0 1878.0 1878.0 1878.0 1878.0 1878.0 1878.0 
1878.0 1878.0 1878.0 1878.0 1878.0 1878.0 1878.0 1878.0 
1878.1 1878.1 1878.1 1878.1 1878.1 1878.1 1878.1 1878.1 
1878.1 1878.1 1878.1 1878.1 1878.1 1878.1 1878.1 1878.1 
1875.2 1875.2 1875.2 1875.2 1875.2 1875.2 1875.2 1875.2 
1875.2 1875.2 1875.2 1875.2 1875.2 1875.2 1875.2 1875.2 
1873.1 1873.1 1873.1 1873.1 1873.1 1873.1 1873.1 1873.1 
1873.1 1873.1 1873.1 1873.1 1873.1 1873.1 1873.1 1873.1 
1873.1 1873.1 1873.1 1873.1 1873.1 1873.1 1873.1 1873.1 
1873.1 1873.1 1873.1 1873.1 1873.1 1873.1 1873.1 1873.1 
1880.3 1880.3 1880.3 1880.3 1880.3 1880.3 1880.3 1880.3 
1880.3 1880.3 1880.3 1880.3 1880.3 1880.3 1880.3 1880.3 
1877.0 1877.0 1877.0 1877.0 1877.0 1877.0 1877.0 1877.0 
1877.0 1877.0 1877.0 1877.0 1877.0 1877.0 1877.0 1877.0 
1878.9 1878.9 1878.9 1878.9 1878.9 1878.9 1878.9 1878.9 
1878.9 1878.9 1878.9 1878.9 1878.9 1878.9 1878.9 1878.9 
1876.3 1876.3 1876.3 1876.3 1876.3 1876.3 1876.3 1876.3 
1876.3 1876.3 1876.3 1876.3 1876.3 1876.3 1876.3 1876.3 
1879.6 1879.6 1879.6 1879.6 1879.6 1879.6 1879.6 1879.6 
1879.6 1879.6 1879.6 1879.6 1879.6 1879.6 1879.6 1879.6 
1879.5 1879.5 1879.5 1879.5 1879.5 1879.5 1879.5 1879.5 
1879.5 1879.5 1879.5 1879.5 1879.5 1879.5 1879.5 1879.5 
1881.4 1881.4 1881.4 1881.4 1881.4 1881.4 1881.4 1881.4 
1881.4 1881.4 1881.4 1881.4 1881.4 1881.4 1881.4 1881.4 
1878.2 1878.2 1878.2 1878.2 1878.2 1878.2 1878.2 1878.2 
1878.2 1878.2 1878.2 1878.2 1878.2 1878.2 1878.2 1878.2 
1879.9 1879.9 1879.9 1879.9 1879.9 1879.9 1879.9 1879.9 
1879.9 1879.9 1879.9 1879.9 1879.9 1879.9 1879.9 1879.9 
1877.2 1877.2 1877.2 1877.2 1877.2 1877.2 1877.2 1877.2 
1877.2 1877.2 1877.2 1877.2 1877.2 1877.2 1877.2 1877.2 
1881.8 1881.8 1881.8 1881.8 1881.8 1881.8 1881.8 1881.8 
1881.8 1881.8 1881.8 1881.8 1881.8 1881.8 1881.8 1881.8 

L.vdc.v1.tdc.offsets=
1880.5 1880.5 1880.5 1880.5 1880.5 1880.5 1880.5 1880.5 
1880.5 1880.5 1880.5 1880.5 1880.5 1880.5 1880.5 1880.5 
1877.1 1877.1 1877.1 1877.1 1877.1 1877.1 1877.1 1877.1 
1877.1 1877.1 1877.1 1877.1 1877.1 1877.1 1877.1 1877.1 
1879.0 1879.0 1879.0 1879.0 1879.0 1879.0 1879.0 1879.0 
1879.0 1879.0 1879.0 1879.0 1879.0 1879.0 1879.0 1879.0 
1878.1 1878.1 1878.1 1878.1 1878.1 1878.1 1878.1 1878.1 
1878.1 1878.1 1878.1 1878.1 1878.1 1878.1 1878.1 1878.1 
1880.0 1880.0 1880.0 1880.0 1880.0 1880.0 1880.0 1880.0 
1880.0 1880.0 1880.0 1880.0 1880.0 1880.0 1880.0 1880.0 
1879.0 1879.0 1879.0 1879.0 1879.0 1879.0 1879.0 1879.0 
1879.0 1879.0 1879.0 1879.0 1879.0 1879.0 1879.0 1879.0 
1886.2 1886.2 1886.2 1886.2 1886.2 1886.2 1886.2 1886.2 
1886.2 1886.2 1886.2 1886.2 1886.2 1886.2 1886.2 1886.2 
1885.5 1885.5 1885.5 1885.5 1885.5 1885.5 1885.5 1885.5 
1885.5 1885.5 1885.5 1885.5 1885.5 1885.5 1885.5 1885.5 
1883.8 1883.8 1883.8 1883.8 1883.8 1883.8 1883.8 1883.8 
1883.8 1883.8 1883.8 1883.8 1883.8 1883.8 1883.8 1883.8 
1880.2 1880.2 1880.2 1880.2 1880.2 1880.2 1880.2 1880.2 
1880.2 1880.2 1880.2 1880.2 1880.2 1880.2 1880.2 1880.2 
1882.5 1882.5 1882.5 1882.5 1882.5 1882.5 1882.5 1882.5 
1882.5 1882.5 1882.5 1882.5 1882.5 1882.5 1882.5 1882.5 
1879.6 1879.6 1879.6 1879.6 1879.6 1879.6 1879.6 1879.6 
1879.6 1879.6 1879.6 1879.6 1879.6 1879.6 1879.6 1879.6 
1883.8 1883.8 1883.8 1883.8 1883.8 1883.8 1883.8 1883.8 
1883.8 1883.8 1883.8 1883.8 1883.8 1883.8 1883.8 1883.8 
1882.5 1882.5 1882.5 1882.5 1882.5 1882.5 1882.5 1882.5 
1882.5 1882.5 1882.5 1882.5 1882.5 1882.5 1882.5 1882.5 
1883.6 1883.6 1883.6 1883.6 1883.6 1883.6 1883.6 1883.6 
1883.6 1883.6 1883.6 1883.6 1883.6 1883.6 1883.6 1883.6 
1885.3 1885.3 1885.3 1885.3 1885.3 1885.3 1885.3 1885.3 
1885.3 1885.3 1885.3 1885.3 1885.3 1885.3 1885.3 1885.3 
1886.1 1886.1 1886.1 1886.1 1886.1 1886.1 1886.1 1886.1 
1886.1 1886.1 1886.1 1886.1 1886.1 1886.1 1886.1 1886.1 
1887.6 1887.6 1887.6 1887.6 1887.6 1887.6 1887.6 1887.6 
1887.6 1887.6 1887.6 1887.6 1887.6 1887.6 1887.6 1887.6 
1891.4 1891.4 1891.4 1891.4 1891.4 1891.4 1891.4 1891.4 
1891.4 1891.4 1891.4 1891.4 1891.4 1891.4 1891.4 1891.4 
1887.5 1887.5 1887.5 1887.5 1887.5 1887.5 1887.5 1887.5 
1887.5 1887.5 1887.5 1887.5 1887.5 1887.5 1887.5 1887.5 
1887.7 1887.7 1887.7 1887.7 1887.7 1887.7 1887.7 1887.7 
1887.7 1887.7 1887.7 1887.7 1887.7 1887.7 1887.7 1887.7 
1886.8 1886.8 1886.8 1886.8 1886.8 1886.8 1886.8 1886.8 
1886.8 1886.8 1886.8 1886.8 1886.8 1886.8 1886.8 1886.8 
1887.1 1887.1 1887.1 1887.1 1887.1 1887.1 1887.1 1887.1 
1887.1 1887.1 1887.1 1887.1 1887.1 1887.1 1887.1 1887.1 

L.vdc.u2.tdc.offsets=
1869.5 1869.5 1869.5 1869.5 1869.5 1869.5 1869.5 1869.5 
1869.5 1869.5 1869.5 1869.5 1869.5 1869.5 1869.5 1869.5 
1865.1 1865.1 1865.1 1865.1 1865.1 1865.1 1865.1 1865.1 
1865.1 1865.1 1865.1 1865.1 1865.1 1865.1 1865.1 1865.1 
1865.5 1865.5 1865.5 1865.5 1865.5 1865.5 1865.5 1865.5 
1865.5 1865.5 1865.5 1865.5 1865.5 1865.5 1865.5 1865.5 
1864.8 1864.8 1864.8 1864.8 1864.8 1864.8 1864.8 1864.8 
1864.8 1864.8 1864.8 1864.8 1864.8 1864.8 1864.8 1864.8 
1866.9 1866.9 1866.9 1866.9 1866.9 1866.9 1866.9 1866.9 
1866.9 1866.9 1866.9 1866.9 1866.9 1866.9 1866.9 1866.9 
1864.0 1864.0 1864.0 1864.0 1864.0 1864.0 1864.0 1864.0 
1864.0 1864.0 1864.0 1864.0 1864.0 1864.0 1864.0 1864.0 
1875.9 1875.9 1875.9 1875.9 1875.9 1875.9 1875.9 1875.9 
1875.9 1875.9 1875.9 1875.9 1875.9 1875.9 1875.9 1875.9 
1873.7 1873.7 1873.7 1873.7 1873.7 1873.7 1873.7 1873.7 
1873.7 1873.7 1873.7 1873.7 1873.7 1873.7 1873.7 1873.7 
1872.1 1872.1 1872.1 1872.1 1872.1 1872.1 1872.1 1872.1 
1872.1 1872.1 1872.1 1872.1 1872.1 1872.1 1872.1 1872.1 
1868.3 1868.3 1868.3 1868.3 1868.3 1868.3 1868.3 1868.3 
1868.3 1868.3 1868.3 1868.3 1868.3 1868.3 1868.3 1868.3 
1870.6 1870.6 1870.6 1870.6 1870.6 1870.6 1870.6 1870.6 
1870.6 1870.6 1870.6 1870.6 1870.6 1870.6 1870.6 1870.6 
1869.4 1869.4 1869.4 1869.4 1869.4 1869.4 1869.4 1869.4 
1869.4 1869.4 1869.4 1869.4 1869.4 1869.4 1869.4 1869.4 
1872.8 1872.8 1872.8 1872.8 1872.8 1872.8 1872.8 1872.8 
1872.8 1872.8 1872.8 1872.8 1872.8 1872.8 1872.8 1872.8 
1872.7 1872.7 1872.7 1872.7 1872.7 1872.7 1872.7 1872.7 
1872.7 1872.7 1872.7 1872.7 1872.7 1872.7 1872.7 1872.7 
1874.8 1874.8 1874.8 1874.8 1874.8 1874.8 1874.8 1874.8 
1874.8 1874.8 1874.8 1874.8 1874.8 1874.8 1874.8 1874.8 
1873.0 1873.0 1873.0 1873.0 1873.0 1873.0 1873.0 1873.0 
1873.0 1873.0 1873.0 1873.0 1873.0 1873.0 1873.0 1873.0 
1873.3 1873.3 1873.3 1873.3 1873.3 1873.3 1873.3 1873.3 
1873.3 1873.3 1873.3 1873.3 1873.3 1873.3 1873.3 1873.3 
1872.2 1872.2 1872.2 1872.2 1872.2 1872.2 1872.2 1872.2 
1872.2 1872.2 1872.2 1872.2 1872.2 1872.2 1872.2 1872.2 
1881.2 1881.2 1881.2 1881.2 1881.2 1881.2 1881.2 1881.2 
1881.2 1881.2 1881.2 1881.2 1881.2 1881.2 1881.2 1881.2 
1876.3 1876.3 1876.3 1876.3 1876.3 1876.3 1876.3 1876.3 
1876.3 1876.3 1876.3 1876.3 1876.3 1876.3 1876.3 1876.3 
1877.4 1877.4 1877.4 1877.4 1877.4 1877.4 1877.4 1877.4 
1877.4 1877.4 1877.4 1877.4 1877.4 1877.4 1877.4 1877.4 
1875.2 1875.2 1875.2 1875.2 1875.2 1875.2 1875.2 1875.2 
1875.2 1875.2 1875.2 1875.2 1875.2 1875.2 1875.2 1875.2 
1875.6 1875.6 1875.6 1875.6 1875.6 1875.6 1875.6 1875.6 
1875.6 1875.6 1875.6 1875.6 1875.6 1875.6 1875.6 1875.6 

L.vdc.v2.tdc.offsets=
1877.4 1877.4 1877.4 1877.4 1877.4 1877.4 1877.4 1877.4 
1877.4 1877.4 1877.4 1877.4 1877.4 1877.4 1877.4 1877.4 
1873.9 1873.9 1873.9 1873.9 1873.9 1873.9 1873.9 1873.9 
1873.9 1873.9 1873.9 1873.9 1873.9 1873.9 1873.9 1873.9 
1875.0 1875.0 1875.0 1875.0 1875.0 1875.0 1875.0 1875.0 
1875.0 1875.0 1875.0 1875.0 1875.0 1875.0 1875.0 1875.0 
1874.5 1874.5 1874.5 1874.5 1874.5 1874.5 1874.5 1874.5 
1874.5 1874.5 1874.5 1874.5 1874.5 1874.5 1874.5 1874.5 
1876.5 1876.5 1876.5 1876.5 1876.5 1876.5 1876.5 1876.5 
1876.5 1876.5 1876.5 1876.5 1876.5 1876.5 1876.5 1876.5 
1875.6 1875.6 1875.6 1875.6 1875.6 1875.6 1875.6 1875.6 
1875.6 1875.6 1875.6 1875.6 1875.6 1875.6 1875.6 1875.6 
1882.4 1882.4 1882.4 1882.4 1882.4 1882.4 1882.4 1882.4 
1882.4 1882.4 1882.4 1882.4 1882.4 1882.4 1882.4 1882.4 
1880.3 1880.3 1880.3 1880.3 1880.3 1880.3 1880.3 1880.3 
1880.3 1880.3 1880.3 1880.3 1880.3 1880.3 1880.3 1880.3 
1878.1 1878.1 1878.1 1878.1 1878.1 1878.1 1878.1 1878.1 
1878.1 1878.1 1878.1 1878.1 1878.1 1878.1 1878.1 1878.1 
1874.9 1874.9 1874.9 1874.9 1874.9 1874.9 1874.9 1874.9 
1874.9 1874.9 1874.9 1874.9 1874.9 1874.9 1874.9 1874.9 
1875.3 1875.3 1875.3 1875.3 1875.3 1875.3 1875.3 1875.3 
1875.3 1875.3 1875.3 1875.3 1875.3 1875.3 1875.3 1875.3 
1874.4 1874.4 1874.4 1874.4 1874.4 1874.4 1874.4 1874.4 
1874.4 1874.4 1874.4 1874.4 1874.4 1874.4 1874.4 1874.4 
1879.2 1879.2 1879.2 1879.2 1879.2 1879.2 1879.2 1879.2 
1879.2 1879.2 1879.2 1879.2 1879.2 1879.2 1879.2 1879.2 
1877.4 1877.4 1877.4 1877.4 1877.4 1877.4 1877.4 1877.4 
1877.4 1877.4 1877.4 1877.4 1877.4 1877.4 1877.4 1877.4 
1878.3 1878.3 1878.3 1878.3 1878.3 1878.3 1878.3 1878.3 
1878.3 1878.3 1878.3 1878.3 1878.3 1878.3 1878.3 1878.3 
1878.4 1878.4 1878.4 1878.4 1878.4 1878.4 1878.4 1878.4 
1878.4 1878.4 1878.4 1878.4 1878.4 1878.4 1878.4 1878.4 
1878.9 1878.9 1878.9 1878.9 1878.9 1878.9 1878.9 1878.9 
1878.9 1878.9 1878.9 1878.9 1878.9 1878.9 1878.9 1878.9 
1878.0 1878.0 1878.0 1878.0 1878.0 1878.0 1878.0 1878.0 
1878.0 1878.0 1878.0 1878.0 1878.0 1878.0 1878.0 1878.0 
1885.2 1885.2 1885.2 1885.2 1885.2 1885.2 1885.2 1885.2 
1885.2 1885.2 1885.2 1885.2 1885.2 1885.2 1885.2 1885.2 
1882.3 1882.3 1882.3 1882.3 1882.3 1882.3 1882.3 1882.3 
1882.3 1882.3 1882.3 1882.3 1882.3 1882.3 1882.3 1882.3 
1884.7 1884.7 1884.7 1884.7 1884.7 1884.7 1884.7 1884.7 
1884.7 1884.7 1884.7 1884.7 1884.7 1884.7 1884.7 1884.7 
1883.5 1883.5 1883.5 1883.5 1883.5 1883.5 1883.5 1883.5 
1883.5 1883.5 1883.5 1883.5 1883.5 1883.5 1883.5 1883.5 
1876.9 1876.9 1876.9 1876.9 1876.9 1876.9 1876.9 1876.9 
1876.9 1876.9 1876.9 1876.9 1876.9 1876.9 1876.9 1876.9 

