--------[ 2017-03-01 00:00:00 -0500 ]

L.prl1.detmap =
    3  20   0  15
    3  20  32  32
    3  18  32  47
    3  20  33  33
L.prl1.position = -0.2  0  4.58
L.prl1.size = 1.254  0.325  0.1475
L.prl1.ncols = 2
L.prl1.nrows = 17
L.prl1.xy = 1.18  0.1625
L.prl1.dxdy = -0.1475  -0.325
L.prl1.emin = 11
L.prl1.pedestals =
       300.954
       302.829
       230.457
       268.693
       386.249
       306.908
       348.103
       329.456
       361.141
       313.739
       334.937
       272.061
       344.938
       249.524
       290.867
       415.824
       250.274
       366.514
       359.706
       284.704
       337.779
       602.011
       438.106
       507.198
        544.42
       478.986
        310.23
       508.198
       327.302
       492.467
       425.966
        473.35
       481.631
       316.133

L.prl1.gains =
       1.5472
       1.28784
        1.1161
       1.06706
       1.16612
       1.09397
        1.0074
       1.03215
       1.05306
       1.17964
       1.14237
       1.09547
        1.1372
       1.06328
       1.07602
       1.22699
       1.87948
       1.56673
       1.21648
       1.43923
       1.10878
        1.1002
       1.39504
       1.22444
       1.07335
       1.11708
       1.06073
       1.15902
       1.08093
       1.10145
       1.00445
       1.04673
       1.17832
       1.48034

