--------[ 2017-03-01 00:00:00 -0500 ]

L.prl2.detmap =
    3  18   0  15
    3  20  34  34
    3  19  32  47
    3  20  35  35
L.prl2.position = -0.11  0.015  4.77
L.prl2.size = 1.275  0.325  0.15
L.prl2.ncols = 2
L.prl2.nrows = 17
L.prl2.xy = 1.15  0.1625
L.prl2.dxdy = -0.15  -0.325
L.prl2.emin = 11
L.prl2.pedestals =
 444.085
       504.016
       502.442
       283.409
       354.399
       568.073
       418.118
       503.874
       389.209
       322.149
       386.106
        474.58
       536.597
       514.052
       474.053
        561.41
       293.491
       531.523
       532.193
       493.353
       500.385
       571.063
        494.82
       540.025
       533.595
       498.333
       497.916
       532.208
       494.968
        609.03
        548.53
       530.545
       579.995
       241.096

L.prl2.gains =
 2.41525
       1.46485
       1.53106
       1.45852
       1.67165
       1.36564
       1.46035
       1.49893
        1.6018
        1.5049
       1.58057
       1.34455
       1.53063
       1.51613
       1.36598
       1.44586
       1.88056
       2.57788
        1.5134
       1.65157
       1.43871
       1.57559
       1.45279
       1.65775
       1.46817
       1.63747
       1.51877
       1.32342
       1.43997
        1.4887
       1.31665
       1.79306
       1.57302
       1.46297

